5703	1
5705	1
5716	1
5720	1
5751	1
5756	1
5764	2
5768	3
5770	2
5777	1
5778	1
5780	2
5792	1
5796	3
5798	1
5813	1
5816	1
5818	1
5829	1
5832	1
5837	1
5840	1
5860	1
5868	1
5880	1
5888	1
5894	1
5896	1
5904	2
5912	1
5916	1
5926	1
5928	1
5943	2
5945	1
5948	1
5957	1
5964	1
5969	1
5985	1
5993	1
5995	2
6010	1
6018	1
6020	1
6035	1
6039	1
6040	1
6042	2
6044	1
6045	1
6075	1
6079	1
6080	1
6096	2
6099	1
6120	1
6123	2
6126	1
6138	1
6141	1
6145	1
6150	1
6153	1
6164	2
6165	1
6168	2
6197	1
6210	1
6239	1
6246	1
6260	1
6266	1
6268	1
6307	1
6356	1
6366	1
6375	1
6402	1
6404	1
6411	1
6425	1
6448	1
6455	1
6458	1
6500	1
6519	1
6529	1
6541	1
6545	1
6552	1
6553	1
6570	1
6576	1
6586	1
6591	1
6593	1
6594	1
6603	1
6606	1
6634	1
6637	1
6640	1
6648	1
6652	1
6657	2
6660	1
6664	1
6670	1
6704	1
6716	1
6723	1
6729	1
6744	1
6746	1
6748	1
6749	1
6750	1
6786	1
6790	1
6800	1
6810	2
6834	1
6837	2
6839	1
6849	1
