1946	19
1947	6
1948	1
1949	2
1950	3
1951	1
1952	5
1953	5
1956	2
1957	3
1958	4
1959	2
1960	14
1961	1
1962	3
1963	4
1965	6
1966	1
1967	1
1968	1
1969	2
1971	1
1972	3
1974	34
1975	1
1976	1
1977	2
1978	3
1979	1
1980	3
1981	1
1982	1
1983	7
1985	3
1987	4
1988	11
1989	2
1990	4
1991	2
1992	5
1995	3
1996	1
1998	4
1999	1
2000	10
2001	5
2002	27
2003	2
2004	3
2006	1
2007	3
2008	1
2010	3
2011	1
2012	3
2014	2
2015	2
2016	21
2017	1
2019	1
2020	6
2021	4
2022	4
2025	5
2027	2
2028	7
2029	3
2030	11
2031	1
2032	5
2034	5
2035	1
2036	1
2037	4
2039	1
2040	5
2041	2
2042	4
2043	1
2044	29
2045	2
2046	2
2047	2
2048	1
2049	2
2050	2
2051	3
2054	1
2055	5
2057	1
2058	33
2059	1
2060	2
2061	2
2063	3
2064	2
2065	1
2066	4
2067	1
2068	1
2069	1
2070	2
2071	4
2072	58
2074	2
2076	3
2077	2
2079	3
2080	4
2081	4
2082	3
2083	1
2084	2
2085	3
2086	46
2087	3
2088	2
2090	4
2091	2
2092	1
2093	1
2094	5
2095	2
