0,0,126
0,1,63
0,2,182
0,3,60
0,4,88
0,5,106
0,6,54
0,7,147
0,8,57
0,9,78
0,10,106
0,11,9
0,12,103
0,13,105
0,14,7
0,15,115
0,16,102
0,17,100
0,18,47
0,19,91
0,20,157
0,21,33
0,22,71
0,23,97
0,24,144
0,25,56
0,26,141
0,27,43
0,28,83
0,29,166
0,30,82
0,31,128
0,32,85
0,33,124
0,34,146
0,35,110
0,36,109
0,37,92
0,38,81
0,39,60
0,40,103
0,41,49
0,42,47
0,43,54
0,44,111
0,45,121
0,46,52
0,47,98
0,48,135
0,49,13
0,50,102
0,51,72
0,52,96
0,53,153
0,54,37
0,55,138
0,56,10
0,57,43
0,58,79
0,59,97
0,60,165
0,61,72
0,62,106
0,63,20
0,64,36
0,65,157
0,66,133
0,67,172
0,68,114
0,69,159
0,70,114
0,71,58
0,72,95
0,73,153
0,74,60
0,75,86
0,76,105
0,77,37
0,78,119
0,79,77
0,80,132
0,81,146
0,82,78
0,83,101
0,84,78
0,85,117
0,86,66
0,87,91
0,88,184
0,89,97
0,90,104
0,91,121
0,92,172
0,93,103
0,94,49
0,95,154
0,96,162
0,97,104
0,98,94
0,99,163
1,0,92
1,1,117
1,2,103
1,3,38
1,4,101
1,5,83
1,6,76
1,7,122
1,8,100
1,9,98
1,10,119
1,11,140
1,12,99
1,13,57
1,14,54
1,15,128
1,16,37
1,17,119
1,18,96
1,19,108
1,20,100
1,21,76
1,22,155
1,23,100
1,24,30
1,25,52
1,26,100
1,27,87
1,28,143
1,29,30
1,30,119
1,31,76
1,32,94
1,33,50
1,34,42
1,35,113
1,36,157
1,37,152
1,38,62
1,39,55
1,40,39
1,41,91
1,42,165
1,43,118
1,44,98
1,45,74
1,46,112
1,47,49
1,48,105
1,49,57
1,50,146
1,51,64
1,52,36
1,53,39
1,54,82
1,55,145
1,56,21
1,57,126
1,58,94
1,59,129
1,60,60
1,61,45
1,62,63
1,63,140
1,64,101
1,65,49
1,66,141
1,67,188
1,68,143
1,69,67
1,70,150
1,71,153
1,72,117
1,73,110
1,74,47
1,75,84
1,76,177
1,77,12
1,78,77
1,79,58
1,80,35
1,81,80
1,82,86
1,83,148
1,84,92
1,85,51
1,86,29
1,87,126
1,88,115
1,89,53
1,90,56
1,91,62
1,92,61
1,93,74
1,94,82
1,95,62
1,96,75
1,97,90
1,98,69
1,99,141
2,0,55
2,1,63
2,2,101
2,3,63
2,4,184
2,5,71
2,6,61
2,7,117
2,8,96
2,9,113
2,10,55
2,11,119
2,12,170
2,13,89
2,14,101
2,15,48
2,16,57
2,17,79
2,18,161
2,19,13
2,20,76
2,21,89
2,22,36
2,23,163
2,24,75
2,25,96
2,26,153
2,27,77
2,28,73
2,29,119
2,30,46
2,31,119
2,32,133
2,33,121
2,34,128
2,35,84
2,36,75
2,37,199
2,38,28
2,39,73
2,40,92
2,41,110
2,42,101
2,43,43
2,44,133
2,45,97
2,46,100
2,47,49
2,48,173
2,49,179
2,50,73
2,51,104
2,52,43
2,53,143
2,54,100
2,55,135
2,56,56
2,57,140
2,58,129
2,59,142
2,60,88
2,61,65
2,62,29
2,63,92
2,64,60
2,65,136
2,66,170
2,67,98
2,68,69
2,69,110
2,70,115
2,71,156
2,72,51
2,73,77
2,74,57
2,75,106
2,76,27
2,77,96
2,78,105
2,79,194
2,80,169
2,81,106
2,82,14
2,83,89
2,84,134
2,85,80
2,86,112
2,87,158
2,88,68
2,89,56
2,90,25
2,91,70
2,92,106
2,93,100
2,94,171
2,95,55
2,96,93
2,97,111
2,98,117
2,99,81
3,0,101
3,1,154
3,2,109
3,3,63
3,4,31
3,5,28
3,6,82
3,7,36
3,8,169
3,9,101
3,10,106
3,11,160
3,12,176
3,13,132
3,14,33
3,15,132
3,16,95
3,17,103
3,18,86
3,19,161
3,20,50
3,21,54
3,22,120
3,23,49
3,24,42
3,25,181
3,26,76
3,27,79
3,28,158
3,29,112
3,30,56
3,31,5
3,32,122
3,33,96
3,34,91
3,35,154
3,36,84
3,37,122
3,38,145
3,39,118
3,40,117
3,41,75
3,42,60
3,43,177
3,44,185
3,45,71
3,46,104
3,47,80
3,48,46
3,49,29
3,50,115
3,51,77
3,52,49
3,53,148
3,54,91
3,55,110
3,56,100
3,57,169
3,58,100
3,59,44
3,60,65
3,61,183
3,62,163
3,63,22
3,64,170
3,65,75
3,66,92
3,67,96
3,68,95
3,69,173
3,70,133
3,71,102
3,72,143
3,73,100
3,74,70
3,75,158
3,76,116
3,77,114
3,78,58
3,79,151
3,80,61
3,81,132
3,82,62
3,83,109
3,84,181
3,85,162
3,86,86
3,87,145
3,88,82
3,89,138
3,90,112
3,91,83
3,92,132
3,93,82
3,94,133
3,95,94
3,96,147
3,97,98
3,98,42
3,99,68
4,0,103
4,1,144
4,2,129
4,3,96
4,4,88
4,5,43
4,6,71
4,7,37
4,8,78
4,9,85
4,10,128
4,11,128
4,12,111
4,13,66
4,14,128
4,15,72
4,16,118
4,17,115
4,18,91
4,19,110
4,20,98
4,21,99
4,22,94
4,23,49
4,24,72
4,25,146
4,26,170
4,27,38
4,28,93
4,29,75
4,30,126
4,31,72
4,32,80
4,33,166
4,34,94
4,35,146
4,36,116
4,37,116
4,38,98
4,39,65
4,40,45
4,41,53
4,42,23
4,43,106
4,44,76
4,45,74
4,46,129
4,47,109
4,48,27
4,49,105
4,50,53
4,51,73
4,52,26
4,53,171
4,54,143
4,55,123
4,56,148
4,57,157
4,58,152
4,59,134
4,60,124
4,61,177
4,62,155
4,63,155
4,64,31
4,65,183
4,66,61
4,67,119
4,68,116
4,69,117
4,70,43
4,71,89
4,72,31
4,73,75
4,74,145
4,75,36
4,76,73
4,77,42
4,78,119
4,79,82
4,80,148
4,81,138
4,82,77
4,83,133
4,84,148
4,85,159
4,86,111
4,87,152
4,88,187
4,89,96
4,90,51
4,91,148
4,92,122
4,93,107
4,94,76
4,95,153
4,96,55
4,97,129
4,98,93
4,99,148
5,0,87
5,1,110
5,2,121
5,3,11
5,4,72
5,5,151
5,6,146
5,7,140
5,8,72
5,9,140
5,10,52
5,11,71
5,12,74
5,13,67
5,14,53
5,15,160
5,16,87
5,17,79
5,18,69
5,19,118
5,20,80
5,21,172
5,22,18
5,23,34
5,24,91
5,25,99
5,26,97
5,27,103
5,28,168
5,29,100
5,30,126
5,31,190
5,32,151
5,33,68
5,34,25
5,35,167
5,36,126
5,37,79
5,38,123
5,39,97
5,40,141
5,41,193
5,42,91
5,43,68
5,44,63
5,45,39
5,46,129
5,47,79
5,48,110
5,49,104
5,50,156
5,51,139
5,52,101
5,53,171
5,54,79
5,55,178
5,56,177
5,57,96
5,58,139
5,59,46
5,60,85
5,61,106
5,62,130
5,63,128
5,64,114
5,65,114
5,66,96
5,67,69
5,68,185
5,69,68
5,70,70
5,71,79
5,72,95
5,73,126
5,74,67
5,75,162
5,76,157
5,77,37
5,78,85
5,79,33
5,80,85
5,81,45
5,82,48
5,83,111
5,84,65
5,85,47
5,86,112
5,87,68
5,88,78
5,89,113
5,90,156
5,91,148
5,92,87
5,93,81
5,94,4
5,95,89
5,96,105
5,97,114
5,98,127
5,99,41
6,0,69
6,1,105
6,2,98
6,3,136
6,4,16
6,5,15
6,6,166
6,7,119
6,8,98
6,9,100
6,10,113
6,11,99
6,12,94
6,13,110
6,14,116
6,15,110
6,16,141
6,17,147
6,18,106
6,19,103
6,20,137
6,21,99
6,22,93
6,23,95
6,24,162
6,25,176
6,26,82
6,27,102
6,28,143
6,29,55
6,30,18
6,31,110
6,32,97
6,33,112
6,34,106
6,35,104
6,36,41
6,37,43
6,38,92
6,39,44
6,40,125
6,41,24
6,42,21
6,43,121
6,44,110
6,45,154
6,46,111
6,47,166
6,48,32
6,49,92
6,50,108
6,51,95
6,52,78
6,53,167
6,54,68
6,55,77
6,56,116
6,57,160
6,58,46
6,59,34
6,60,95
6,61,152
6,62,71
6,63,48
6,64,99
6,65,108
6,66,58
6,67,116
6,68,138
6,69,100
6,70,110
6,71,109
6,72,83
6,73,161
6,74,25
6,75,76
6,76,50
6,77,52
6,78,193
6,79,122
6,80,62
6,81,105
6,82,149
6,83,61
6,84,51
6,85,153
6,86,84
6,87,60
6,88,122
6,89,127
6,90,139
6,91,146
6,92,179
6,93,100
6,94,86
6,95,117
6,96,33
6,97,160
6,98,144
6,99,78
7,0,36
7,1,76
7,2,110
7,3,84
7,4,153
7,5,34
7,6,163
7,7,127
7,8,118
7,9,86
7,10,69
7,11,93
7,12,26
7,13,180
7,14,39
7,15,87
7,16,50
7,17,107
7,18,55
7,19,56
7,20,132
7,21,142
7,22,106
7,23,105
7,24,27
7,25,49
7,26,112
7,27,129
7,28,31
7,29,86
7,30,47
7,31,101
7,32,83
7,33,140
7,34,139
7,35,129
7,36,91
7,37,109
7,38,88
7,39,98
7,40,32
7,41,145
7,42,104
7,43,140
7,44,88
7,45,130
7,46,114
7,47,139
7,48,98
7,49,90
7,50,86
7,51,96
7,52,146
7,53,81
7,54,36
7,55,77
7,56,36
7,57,47
7,58,87
7,59,166
7,60,152
7,61,142
7,62,30
7,63,161
7,64,57
7,65,111
7,66,98
7,67,97
7,68,79
7,69,82
7,70,118
7,71,154
7,72,37
7,73,126
7,74,113
7,75,16
7,76,36
7,77,93
7,78,93
7,79,94
7,80,100
7,81,77
7,82,145
7,83,122
7,84,54
7,85,45
7,86,81
7,87,97
7,88,108
7,89,136
7,90,147
7,91,57
7,92,97
7,93,74
7,94,40
7,95,163
7,96,14
7,97,49
7,98,155
7,99,158
8,0,70
8,1,45
8,2,115
8,3,34
8,4,140
8,5,122
8,6,96
8,7,98
8,8,108
8,9,149
8,10,81
8,11,101
8,12,23
8,13,128
8,14,60
8,15,2
8,16,157
8,17,93
8,18,131
8,19,70
8,20,60
8,21,164
8,22,131
8,23,88
8,24,185
8,25,64
8,26,132
8,27,125
8,28,127
8,29,12
8,30,164
8,31,70
8,32,34
8,33,112
8,34,150
8,35,147
8,36,142
8,37,94
8,38,84
8,39,51
8,40,46
8,41,105
8,42,129
8,43,27
8,44,98
8,45,117
8,46,132
8,47,126
8,48,154
8,49,101
8,50,128
8,51,120
8,52,73
8,53,95
8,54,146
8,55,121
8,56,74
8,57,160
8,58,89
8,59,85
8,60,145
8,61,108
8,62,114
8,63,72
8,64,72
8,65,78
8,66,176
8,67,114
8,68,142
8,69,79
8,70,74
8,71,85
8,72,97
8,73,89
8,74,75
8,75,82
8,76,121
8,77,62
8,78,176
8,79,101
8,80,156
8,81,159
8,82,63
8,83,36
8,84,23
8,85,119
8,86,80
8,87,63
8,88,51
8,89,117
8,90,112
8,91,28
8,92,62
8,93,79
8,94,78
8,95,147
8,96,128
8,97,130
8,98,87
8,99,136
9,0,109
9,1,139
9,2,160
9,3,112
9,4,91
9,5,79
9,6,137
9,7,81
9,8,99
9,9,100
9,10,154
9,11,163
9,12,98
9,13,35
9,14,47
9,15,44
9,16,124
9,17,27
9,18,140
9,19,63
9,20,37
9,21,123
9,22,64
9,23,82
9,24,83
9,25,127
9,26,88
9,27,137
9,28,111
9,29,58
9,30,89
9,31,88
9,32,49
9,33,69
9,34,84
9,35,105
9,36,90
9,37,99
9,38,99
9,39,95
9,40,71
9,41,116
9,42,132
9,43,90
9,44,123
9,45,163
9,46,45
9,47,31
9,48,119
9,49,100
9,50,196
9,51,53
9,52,135
9,53,141
9,54,63
9,55,44
9,56,144
9,57,72
9,58,78
9,59,99
9,60,94
9,61,107
9,62,132
9,63,29
9,64,140
9,65,106
9,66,113
9,67,106
9,68,182
9,69,92
9,70,109
9,71,145
9,72,39
9,73,14
9,74,128
9,75,113
9,76,148
9,77,138
9,78,138
9,79,48
9,80,89
9,81,101
9,82,97
9,83,160
9,84,124
9,85,114
9,86,60
9,87,59
9,88,100
9,89,22
9,90,49
9,91,62
9,92,92
9,93,23
9,94,195
9,95,44
9,96,113
9,97,64
9,98,63
9,99,116
10,0,61
10,1,154
10,2,75
10,3,65
10,4,60
10,5,123
10,6,85
10,7,93
10,8,38
10,9,133
10,10,137
10,11,68
10,12,97
10,13,129
10,14,123
10,15,150
10,16,116
10,17,140
10,18,104
10,19,138
10,20,156
10,21,63
10,22,114
10,23,151
10,24,63
10,25,71
10,26,100
10,27,146
10,28,117
10,29,164
10,30,123
10,31,34
10,32,46
10,33,131
10,34,124
10,35,160
10,36,116
10,37,53
10,38,47
10,39,74
10,40,120
10,41,107
10,42,62
10,43,92
10,44,98
10,45,59
10,46,62
10,47,42
10,48,72
10,49,125
10,50,98
10,51,135
10,52,183
10,53,43
10,54,159
10,55,73
10,56,62
10,57,133
10,58,33
10,59,87
10,60,51
10,61,84
10,62,44
10,63,39
10,64,94
10,65,81
10,66,146
10,67,116
10,68,80
10,69,45
10,70,64
10,71,75
10,72,56
10,73,182
10,74,81
10,75,13
10,76,109
10,77,90
10,78,134
10,79,118
10,80,71
10,81,78
10,82,122
10,83,160
10,84,117
10,85,108
10,86,128
10,87,99
10,88,103
10,89,136
10,90,117
10,91,100
10,92,64
10,93,26
10,94,120
10,95,120
10,96,89
10,97,95
10,98,170
10,99,101
11,0,50
11,1,99
11,2,96
11,3,67
11,4,72
11,5,104
11,6,156
11,7,39
11,8,140
11,9,118
11,10,86
11,11,24
11,12,108
11,13,98
11,14,96
11,15,117
11,16,15
11,17,189
11,18,70
11,19,59
11,20,47
11,21,124
11,22,127
11,23,67
11,24,116
11,25,104
11,26,75
11,27,73
11,28,170
11,29,13
11,30,8
11,31,41
11,32,78
11,33,156
11,34,120
11,35,115
11,36,66
11,37,132
11,38,151
11,39,156
11,40,144
11,41,135
11,42,127
11,43,86
11,44,62
11,45,129
11,46,127
11,47,104
11,48,79
11,49,26
11,50,67
11,51,27
11,52,135
11,53,159
11,54,110
11,55,117
11,56,14
11,57,131
11,58,109
11,59,68
11,60,30
11,61,59
11,62,42
11,63,70
11,64,80
11,65,91
11,66,95
11,67,47
11,68,111
11,69,105
11,70,123
11,71,164
11,72,116
11,73,84
11,74,163
11,75,170
11,76,128
11,77,157
11,78,46
11,79,27
11,80,95
11,81,67
11,82,79
11,83,73
11,84,75
11,85,37
11,86,40
11,87,115
11,88,94
11,89,65
11,90,112
11,91,144
11,92,106
11,93,74
11,94,86
11,95,117
11,96,60
11,97,136
11,98,51
11,99,82
12,0,134
12,1,122
12,2,95
12,3,99
12,4,159
12,5,35
12,6,119
12,7,119
12,8,135
12,9,143
12,10,33
12,11,63
12,12,142
12,13,83
12,14,84
12,15,153
12,16,93
12,17,188
12,18,85
12,19,135
12,20,57
12,21,98
12,22,112
12,23,94
12,24,112
12,25,98
12,26,144
12,27,110
12,28,103
12,29,50
12,30,159
12,31,101
12,32,107
12,33,112
12,34,99
12,35,73
12,36,100
12,37,28
12,38,95
12,39,34
12,40,95
12,41,117
12,42,192
12,43,120
12,44,64
12,45,74
12,46,99
12,47,101
12,48,73
12,49,81
12,50,80
12,51,160
12,52,48
12,53,42
12,54,68
12,55,127
12,56,48
12,57,31
12,58,168
12,59,98
12,60,59
12,61,130
12,62,82
12,63,47
12,64,79
12,65,100
12,66,152
12,67,185
12,68,61
12,69,184
12,70,79
12,71,118
12,72,16
12,73,38
12,74,58
12,75,60
12,76,130
12,77,118
12,78,115
12,79,47
12,80,119
12,81,147
12,82,91
12,83,130
12,84,60
12,85,119
12,86,133
12,87,163
12,88,70
12,89,124
12,90,131
12,91,165
12,92,61
12,93,135
12,94,12
12,95,33
12,96,24
12,97,84
12,98,150
12,99,154
13,0,101
13,1,98
13,2,166
13,3,73
13,4,64
13,5,66
13,6,124
13,7,92
13,8,128
13,9,37
13,10,120
13,11,87
13,12,115
13,13,109
13,14,88
13,15,109
13,16,126
13,17,100
13,18,84
13,19,118
13,20,88
13,21,134
13,22,54
13,23,82
13,24,111
13,25,69
13,26,124
13,27,114
13,28,88
13,29,98
13,30,105
13,31,51
13,32,51
13,33,82
13,34,86
13,35,181
13,36,63
13,37,68
13,38,89
13,39,120
13,40,150
13,41,116
13,42,91
13,43,143
13,44,112
13,45,104
13,46,121
13,47,116
13,48,23
13,49,90
13,50,40
13,51,97
13,52,126
13,53,111
13,54,67
13,55,111
13,56,102
13,57,107
13,58,159
13,59,73
13,60,55
13,61,92
13,62,78
13,63,120
13,64,93
13,65,89
13,66,171
13,67,83
13,68,142
13,69,76
13,70,111
13,71,108
13,72,114
13,73,52
13,74,156
13,75,158
13,76,80
13,77,146
13,78,122
13,79,54
13,80,97
13,81,116
13,82,110
13,83,119
13,84,105
13,85,103
13,86,84
13,87,96
13,88,81
13,89,86
13,90,151
13,91,79
13,92,75
13,93,130
13,94,105
13,95,128
13,96,112
13,97,135
13,98,99
13,99,126
14,0,83
14,1,145
14,2,35
14,3,105
14,4,62
14,5,76
14,6,133
14,7,63
14,8,56
14,9,92
14,10,79
14,11,157
14,12,92
14,13,158
14,14,87
14,15,158
14,16,73
14,17,68
14,18,94
14,19,71
14,20,35
14,21,104
14,22,123
14,23,144
14,24,83
14,25,131
14,26,57
14,27,85
14,28,79
14,29,93
14,30,18
14,31,146
14,32,69
14,33,178
14,34,63
14,35,112
14,36,118
14,37,67
14,38,129
14,39,51
14,40,108
14,41,64
14,42,66
14,43,111
14,44,109
14,45,91
14,46,146
14,47,149
14,48,96
14,49,117
14,50,36
14,51,120
14,52,85
14,53,72
14,54,147
14,55,128
14,56,117
14,57,39
14,58,146
14,59,61
14,60,88
14,61,24
14,62,139
14,63,173
14,64,162
14,65,68
14,66,106
14,67,79
14,68,115
14,69,112
14,70,140
14,71,72
14,72,134
14,73,83
14,74,128
14,75,101
14,76,112
14,77,29
14,78,38
14,79,150
14,80,186
14,81,110
14,82,65
14,83,63
14,84,108
14,85,103
14,86,50
14,87,54
14,88,108
14,89,128
14,90,93
14,91,157
14,92,175
14,93,44
14,94,113
14,95,119
14,96,58
14,97,90
14,98,134
14,99,85
15,0,96
15,1,114
15,2,59
15,3,114
15,4,95
15,5,97
15,6,42
15,7,66
15,8,160
15,9,73
15,10,32
15,11,72
15,12,81
15,13,31
15,14,89
15,15,93
15,16,117
15,17,96
15,18,70
15,19,62
15,20,62
15,21,139
15,22,132
15,23,147
15,24,142
15,25,164
15,26,183
15,27,86
15,28,79
15,29,68
15,30,83
15,31,40
15,32,103
15,33,142
15,34,145
15,35,158
15,36,28
15,37,80
15,38,172
15,39,133
15,40,48
15,41,73
15,42,56
15,43,91
15,44,48
15,45,66
15,46,183
15,47,91
15,48,192
15,49,79
15,50,139
15,51,69
15,52,42
15,53,100
15,54,105
15,55,106
15,56,64
15,57,118
15,58,32
15,59,127
15,60,94
15,61,161
15,62,89
15,63,106
15,64,170
15,65,142
15,66,48
15,67,94
15,68,97
15,69,124
15,70,32
15,71,87
15,72,153
15,73,91
15,74,42
15,75,127
15,76,82
15,77,73
15,78,105
15,79,28
15,80,90
15,81,125
15,82,159
15,83,137
15,84,81
15,85,23
15,86,52
15,87,158
15,88,79
15,89,94
15,90,123
15,91,109
15,92,94
15,93,135
15,94,76
15,95,136
15,96,142
15,97,165
15,98,46
15,99,126
16,0,161
16,1,98
16,2,121
16,3,95
16,4,64
16,5,51
16,6,109
16,7,162
16,8,82
16,9,156
16,10,134
16,11,103
16,12,183
16,13,91
16,14,95
16,15,84
16,16,119
16,17,53
16,18,109
16,19,16
16,20,161
16,21,93
16,22,93
16,23,30
16,24,82
16,25,75
16,26,132
16,27,78
16,28,71
16,29,23
16,30,58
16,31,102
16,32,124
16,33,68
16,34,111
16,35,133
16,36,102
16,37,88
16,38,25
16,39,63
16,40,105
16,41,85
16,42,169
16,43,24
16,44,181
16,45,63
16,46,113
16,47,105
16,48,91
16,49,92
16,50,120
16,51,101
16,52,30
16,53,20
16,54,56
16,55,21
16,56,134
16,57,124
16,58,69
16,59,107
16,60,132
16,61,74
16,62,158
16,63,27
16,64,149
16,65,87
16,66,130
16,67,107
16,68,104
16,69,132
16,70,92
16,71,42
16,72,48
16,73,195
16,74,70
16,75,104
16,76,14
16,77,108
16,78,60
16,79,42
16,80,147
16,81,130
16,82,162
16,83,131
16,84,117
16,85,43
16,86,168
16,87,61
16,88,100
16,89,120
16,90,160
16,91,109
16,92,84
16,93,30
16,94,99
16,95,159
16,96,107
16,97,104
16,98,142
16,99,47
17,0,75
17,1,46
17,2,158
17,3,128
17,4,118
17,5,64
17,6,142
17,7,69
17,8,147
17,9,90
17,10,71
17,11,89
17,12,67
17,13,21
17,14,83
17,15,97
17,16,55
17,17,136
17,18,77
17,19,109
17,20,156
17,21,108
17,22,133
17,23,106
17,24,48
17,25,101
17,26,6
17,27,43
17,28,140
17,29,110
17,30,116
17,31,36
17,32,165
17,33,108
17,34,64
17,35,55
17,36,89
17,37,89
17,38,169
17,39,84
17,40,189
17,41,54
17,42,89
17,43,139
17,44,175
17,45,108
17,46,96
17,47,154
17,48,94
17,49,70
17,50,37
17,51,86
17,52,32
17,53,176
17,54,41
17,55,189
17,56,132
17,57,146
17,58,53
17,59,51
17,60,146
17,61,111
17,62,100
17,63,124
17,64,79
17,65,69
17,66,90
17,67,30
17,68,30
17,69,52
17,70,97
17,71,94
17,72,70
17,73,52
17,74,67
17,75,32
17,76,41
17,77,145
17,78,97
17,79,117
17,80,111
17,81,119
17,82,158
17,83,66
17,84,84
17,85,74
17,86,92
17,87,107
17,88,130
17,89,145
17,90,89
17,91,73
17,92,33
17,93,80
17,94,167
17,95,128
17,96,53
17,97,24
17,98,133
17,99,70
18,0,80
18,1,68
18,2,109
18,3,49
18,4,74
18,5,131
18,6,84
18,7,131
18,8,143
18,9,25
18,10,129
18,11,130
18,12,44
18,13,175
18,14,187
18,15,81
18,16,122
18,17,84
18,18,103
18,19,25
18,20,61
18,21,89
18,22,122
18,23,137
18,24,112
18,25,29
18,26,105
18,27,71
18,28,134
18,29,114
18,30,168
18,31,118
18,32,117
18,33,54
18,34,94
18,35,114
18,36,104
18,37,104
18,38,74
18,39,73
18,40,132
18,41,118
18,42,135
18,43,2
18,44,21
18,45,151
18,46,170
18,47,145
18,48,103
18,49,132
18,50,123
18,51,42
18,52,138
18,53,155
18,54,39
18,55,102
18,56,56
18,57,99
18,58,73
18,59,68
18,60,61
18,61,71
18,62,107
18,63,192
18,64,117
18,65,99
18,66,155
18,67,147
18,68,112
18,69,84
18,70,185
18,71,113
18,72,101
18,73,77
18,74,65
18,75,85
18,76,78
18,77,74
18,78,135
18,79,90
18,80,161
18,81,51
18,82,61
18,83,93
18,84,78
18,85,101
18,86,151
18,87,80
18,88,86
18,89,74
18,90,150
18,91,145
18,92,12
18,93,123
18,94,80
18,95,90
18,96,54
18,97,59
18,98,125
18,99,32
19,0,31
19,1,69
19,2,164
19,3,43
19,4,126
19,5,168
19,6,113
19,7,99
19,8,58
19,9,131
19,10,98
19,11,153
19,12,13
19,13,32
19,14,124
19,15,131
19,16,87
19,17,84
19,18,138
19,19,80
19,20,111
19,21,163
19,22,162
19,23,106
19,24,69
19,25,111
19,26,100
19,27,57
19,28,132
19,29,100
19,30,56
19,31,107
19,32,112
19,33,83
19,34,134
19,35,116
19,36,131
19,37,41
19,38,100
19,39,37
19,40,45
19,41,94
19,42,75
19,43,156
19,44,82
19,45,139
19,46,30
19,47,150
19,48,114
19,49,81
19,50,156
19,51,144
19,52,164
19,53,73
19,54,104
19,55,33
19,56,90
19,57,81
19,58,104
19,59,148
19,60,87
19,61,140
19,62,32
19,63,108
19,64,42
19,65,139
19,66,107
19,67,122
19,68,143
19,69,74
19,70,79
19,71,71
19,72,55
19,73,109
19,74,97
19,75,118
19,76,95
19,77,93
19,78,80
19,79,109
19,80,84
19,81,170
19,82,126
19,83,141
19,84,35
19,85,30
19,86,97
19,87,68
19,88,69
19,89,55
19,90,101
19,91,100
19,92,87
19,93,48
19,94,140
19,95,67
19,96,92
19,97,89
19,98,48
19,99,163
20,0,102
20,1,168
20,2,69
20,3,65
20,4,85
20,5,154
20,6,44
20,7,134
20,8,125
20,9,126
20,10,169
20,11,29
20,12,132
20,13,113
20,14,128
20,15,93
20,16,110
20,17,36
20,18,131
20,19,112
20,20,112
20,21,182
20,22,146
20,23,73
20,24,39
20,25,151
20,26,43
20,27,77
20,28,58
20,29,78
20,30,79
20,31,92
20,32,40
20,33,99
20,34,58
20,35,152
20,36,182
20,37,96
20,38,54
20,39,13
20,40,57
20,41,115
20,42,35
20,43,102
20,44,64
20,45,75
20,46,37
20,47,76
20,48,69
20,49,101
20,50,88
20,51,186
20,52,162
20,53,77
20,54,72
20,55,136
20,56,41
20,57,100
20,58,46
20,59,76
20,60,65
20,61,122
20,62,89
20,63,144
20,64,142
20,65,33
20,66,103
20,67,183
20,68,91
20,69,48
20,70,21
20,71,83
20,72,123
20,73,142
20,74,150
20,75,148
20,76,45
20,77,77
20,78,109
20,79,120
20,80,173
20,81,68
20,82,53
20,83,88
20,84,144
20,85,167
20,86,51
20,87,61
20,88,95
20,89,162
20,90,98
20,91,153
20,92,150
20,93,109
20,94,78
20,95,58
20,96,123
20,97,146
20,98,107
20,99,109
21,0,112
21,1,43
21,2,56
21,3,85
21,4,107
21,5,79
21,6,32
21,7,93
21,8,46
21,9,86
21,10,166
21,11,78
21,12,0
21,13,54
21,14,143
21,15,30
21,16,85
21,17,75
21,18,91
21,19,95
21,20,88
21,21,66
21,22,60
21,23,48
21,24,103
21,25,111
21,26,131
21,27,72
21,28,42
21,29,151
21,30,76
21,31,83
21,32,106
21,33,121
21,34,59
21,35,138
21,36,140
21,37,112
21,38,95
21,39,167
21,40,195
21,41,73
21,42,68
21,43,83
21,44,93
21,45,96
21,46,117
21,47,188
21,48,67
21,49,127
21,50,112
21,51,113
21,52,22
21,53,65
21,54,113
21,55,106
21,56,67
21,57,54
21,58,186
21,59,181
21,60,149
21,61,96
21,62,69
21,63,150
21,64,80
21,65,19
21,66,113
21,67,156
21,68,159
21,69,95
21,70,60
21,71,86
21,72,104
21,73,94
21,74,62
21,75,32
21,76,123
21,77,94
21,78,33
21,79,56
21,80,56
21,81,85
21,82,62
21,83,28
21,84,50
21,85,167
21,86,62
21,87,63
21,88,154
21,89,57
21,90,142
21,91,98
21,92,86
21,93,85
21,94,80
21,95,84
21,96,83
21,97,125
21,98,149
21,99,107
22,0,139
22,1,94
22,2,95
22,3,114
22,4,96
22,5,95
22,6,154
22,7,67
22,8,65
22,9,76
22,10,105
22,11,90
22,12,156
22,13,76
22,14,50
22,15,119
22,16,77
22,17,120
22,18,35
22,19,64
22,20,164
22,21,31
22,22,90
22,23,157
22,24,151
22,25,29
22,26,93
22,27,155
22,28,56
22,29,85
22,30,102
22,31,112
22,32,137
22,33,59
22,34,146
22,35,33
22,36,137
22,37,135
22,38,28
22,39,177
22,40,146
22,41,61
22,42,51
22,43,89
22,44,91
22,45,142
22,46,66
22,47,23
22,48,147
22,49,89
22,50,95
22,51,47
22,52,91
22,53,53
22,54,155
22,55,46
22,56,154
22,57,112
22,58,77
22,59,152
22,60,69
22,61,82
22,62,101
22,63,75
22,64,71
22,65,167
22,66,157
22,67,65
22,68,96
22,69,148
22,70,99
22,71,123
22,72,54
22,73,5
22,74,39
22,75,120
22,76,169
22,77,40
22,78,126
22,79,106
22,80,88
22,81,81
22,82,121
22,83,100
22,84,97
22,85,112
22,86,62
22,87,8
22,88,47
22,89,85
22,90,85
22,91,24
22,92,51
22,93,109
22,94,52
22,95,127
22,96,73
22,97,79
22,98,97
22,99,45
23,0,51
23,1,130
23,2,37
23,3,66
23,4,159
23,5,54
23,6,145
23,7,27
23,8,57
23,9,138
23,10,183
23,11,104
23,12,128
23,13,72
23,14,96
23,15,48
23,16,33
23,17,169
23,18,112
23,19,95
23,20,117
23,21,132
23,22,106
23,23,103
23,24,162
23,25,147
23,26,89
23,27,137
23,28,128
23,29,104
23,30,50
23,31,65
23,32,152
23,33,164
23,34,155
23,35,91
23,36,47
23,37,135
23,38,52
23,39,47
23,40,168
23,41,36
23,42,122
23,43,112
23,44,131
23,45,80
23,46,93
23,47,145
23,48,51
23,49,131
23,50,36
23,51,76
23,52,121
23,53,100
23,54,152
23,55,88
23,56,85
23,57,142
23,58,85
23,59,171
23,60,117
23,61,39
23,62,82
23,63,128
23,64,78
23,65,116
23,66,93
23,67,115
23,68,48
23,69,58
23,70,134
23,71,97
23,72,60
23,73,132
23,74,145
23,75,113
23,76,85
23,77,104
23,78,48
23,79,178
23,80,115
23,81,149
23,82,114
23,83,67
23,84,86
23,85,53
23,86,121
23,87,59
23,88,45
23,89,105
23,90,106
23,91,112
23,92,81
23,93,84
23,94,57
23,95,18
23,96,100
23,97,97
23,98,185
23,99,56
24,0,85
24,1,76
24,2,63
24,3,154
24,4,148
24,5,142
24,6,56
24,7,121
24,8,110
24,9,35
24,10,156
24,11,114
24,12,79
24,13,34
24,14,138
24,15,105
24,16,76
24,17,93
24,18,144
24,19,158
24,20,33
24,21,96
24,22,36
24,23,61
24,24,19
24,25,60
24,26,113
24,27,104
24,28,108
24,29,124
24,30,132
24,31,144
24,32,123
24,33,60
24,34,38
24,35,29
24,36,52
24,37,32
24,38,99
24,39,76
24,40,129
24,41,111
24,42,117
24,43,157
24,44,94
24,45,117
24,46,113
24,47,38
24,48,145
24,49,172
24,50,78
24,51,70
24,52,144
24,53,106
24,54,19
24,55,59
24,56,15
24,57,146
24,58,82
24,59,155
24,60,131
24,61,28
24,62,159
24,63,43
24,64,87
24,65,71
24,66,108
24,67,151
24,68,67
24,69,86
24,70,68
24,71,27
24,72,109
24,73,73
24,74,130
24,75,141
24,76,103
24,77,100
24,78,141
24,79,74
24,80,177
24,81,74
24,82,109
24,83,74
24,84,117
24,85,162
24,86,100
24,87,60
24,88,165
24,89,141
24,90,100
24,91,134
24,92,124
24,93,115
24,94,80
24,95,124
24,96,88
24,97,77
24,98,110
24,99,167
25,0,88
25,1,157
25,2,190
25,3,92
25,4,66
25,5,100
25,6,143
25,7,28
25,8,116
25,9,51
25,10,112
25,11,109
25,12,88
25,13,120
25,14,58
25,15,82
25,16,24
25,17,122
25,18,125
25,19,99
25,20,163
25,21,133
25,22,174
25,23,96
25,24,142
25,25,166
25,26,73
25,27,38
25,28,179
25,29,181
25,30,144
25,31,121
25,32,91
25,33,79
25,34,153
25,35,65
25,36,92
25,37,149
25,38,114
25,39,113
25,40,62
25,41,62
25,42,163
25,43,59
25,44,91
25,45,139
25,46,129
25,47,78
25,48,130
25,49,37
25,50,94
25,51,47
25,52,106
25,53,34
25,54,91
25,55,107
25,56,43
25,57,100
25,58,94
25,59,121
25,60,164
25,61,168
25,62,22
25,63,81
25,64,98
25,65,149
25,66,97
25,67,49
25,68,186
25,69,110
25,70,165
25,71,90
25,72,143
25,73,104
25,74,28
25,75,138
25,76,124
25,77,49
25,78,52
25,79,62
25,80,98
25,81,89
25,82,108
25,83,55
25,84,45
25,85,110
25,86,32
25,87,95
25,88,56
25,89,71
25,90,68
25,91,108
25,92,53
25,93,75
25,94,88
25,95,91
25,96,74
25,97,114
25,98,38
25,99,96
26,0,168
26,1,57
26,2,60
26,3,140
26,4,158
26,5,108
26,6,85
26,7,62
26,8,110
26,9,153
26,10,77
26,11,46
26,12,77
26,13,50
26,14,100
26,15,164
26,16,71
26,17,118
26,18,100
26,19,80
26,20,77
26,21,122
26,22,39
26,23,60
26,24,71
26,25,150
26,26,116
26,27,87
26,28,112
26,29,120
26,30,34
26,31,93
26,32,48
26,33,116
26,34,128
26,35,80
26,36,136
26,37,81
26,38,166
26,39,46
26,40,48
26,41,95
26,42,64
26,43,137
26,44,100
26,45,59
26,46,142
26,47,67
26,48,26
26,49,80
26,50,101
26,51,166
26,52,87
26,53,109
26,54,124
26,55,122
26,56,145
26,57,139
26,58,142
26,59,46
26,60,77
26,61,118
26,62,119
26,63,69
26,64,83
26,65,114
26,66,97
26,67,112
26,68,119
26,69,64
26,70,78
26,71,122
26,72,130
26,73,176
26,74,154
26,75,54
26,76,184
26,77,101
26,78,52
26,79,136
26,80,169
26,81,138
26,82,86
26,83,171
26,84,138
26,85,148
26,86,100
26,87,107
26,88,40
26,89,137
26,90,88
26,91,44
26,92,67
26,93,102
26,94,86
26,95,34
26,96,129
26,97,93
26,98,96
26,99,161
27,0,126
27,1,158
27,2,96
27,3,109
27,4,140
27,5,54
27,6,69
27,7,124
27,8,155
27,9,74
27,10,99
27,11,162
27,12,125
27,13,54
27,14,104
27,15,114
27,16,149
27,17,9
27,18,90
27,19,38
27,20,145
27,21,127
27,22,76
27,23,172
27,24,16
27,25,49
27,26,32
27,27,96
27,28,74
27,29,82
27,30,94
27,31,73
27,32,118
27,33,9
27,34,49
27,35,28
27,36,96
27,37,112
27,38,33
27,39,75
27,40,83
27,41,149
27,42,85
27,43,168
27,44,132
27,45,62
27,46,91
27,47,86
27,48,89
27,49,84
27,50,75
27,51,107
27,52,151
27,53,154
27,54,148
27,55,116
27,56,25
27,57,29
27,58,78
27,59,135
27,60,170
27,61,151
27,62,154
27,63,136
27,64,56
27,65,11
27,66,121
27,67,107
27,68,112
27,69,176
27,70,115
27,71,100
27,72,72
27,73,155
27,74,136
27,75,54
27,76,84
27,77,89
27,78,152
27,79,164
27,80,114
27,81,111
27,82,139
27,83,155
27,84,87
27,85,8
27,86,55
27,87,43
27,88,120
27,89,159
27,90,19
27,91,105
27,92,68
27,93,112
27,94,71
27,95,147
27,96,64
27,97,61
27,98,42
27,99,117
28,0,111
28,1,45
28,2,135
28,3,79
28,4,11
28,5,126
28,6,91
28,7,90
28,8,92
28,9,175
28,10,77
28,11,119
28,12,170
28,13,146
28,14,36
28,15,57
28,16,84
28,17,105
28,18,79
28,19,41
28,20,158
28,21,117
28,22,88
28,23,104
28,24,88
28,25,32
28,26,106
28,27,34
28,28,43
28,29,77
28,30,77
28,31,150
28,32,105
28,33,59
28,34,82
28,35,98
28,36,85
28,37,89
28,38,78
28,39,138
28,40,128
28,41,112
28,42,172
28,43,79
28,44,125
28,45,158
28,46,85
28,47,58
28,48,51
28,49,130
28,50,110
28,51,53
28,52,105
28,53,107
28,54,142
28,55,114
28,56,154
28,57,114
28,58,180
28,59,167
28,60,93
28,61,147
28,62,160
28,63,135
28,64,166
28,65,69
28,66,71
28,67,66
28,68,42
28,69,60
28,70,100
28,71,100
28,72,163
28,73,102
28,74,80
28,75,33
28,76,40
28,77,67
28,78,22
28,79,63
28,80,110
28,81,143
28,82,107
28,83,171
28,84,75
28,85,35
28,86,172
28,87,77
28,88,89
28,89,187
28,90,108
28,91,136
28,92,109
28,93,105
28,94,75
28,95,57
28,96,135
28,97,47
28,98,107
28,99,124
29,0,22
29,1,180
29,2,63
29,3,79
29,4,30
29,5,126
29,6,42
29,7,107
29,8,133
29,9,95
29,10,115
29,11,150
29,12,14
29,13,102
29,14,15
29,15,153
29,16,61
29,17,108
29,18,81
29,19,181
29,20,111
29,21,121
29,22,33
29,23,97
29,24,82
29,25,73
29,26,109
29,27,165
29,28,131
29,29,63
29,30,178
29,31,126
29,32,74
29,33,137
29,34,87
29,35,74
29,36,171
29,37,164
29,38,141
29,39,101
29,40,83
29,41,197
29,42,117
29,43,105
29,44,109
29,45,57
29,46,124
29,47,42
29,48,148
29,49,85
29,50,109
29,51,76
29,52,75
29,53,95
29,54,37
29,55,110
29,56,140
29,57,47
29,58,190
29,59,90
29,60,79
29,61,105
29,62,40
29,63,74
29,64,80
29,65,94
29,66,94
29,67,88
29,68,117
29,69,19
29,70,107
29,71,68
29,72,36
29,73,128
29,74,85
29,75,169
29,76,61
29,77,158
29,78,72
29,79,67
29,80,83
29,81,109
29,82,111
29,83,18
29,84,79
29,85,107
29,86,133
29,87,119
29,88,78
29,89,53
29,90,134
29,91,62
29,92,161
29,93,109
29,94,99
29,95,93
29,96,99
29,97,118
29,98,78
29,99,34
30,0,53
30,1,111
30,2,124
30,3,103
30,4,132
30,5,54
30,6,135
30,7,74
30,8,63
30,9,110
30,10,126
30,11,83
30,12,129
30,13,128
30,14,150
30,15,65
30,16,94
30,17,102
30,18,178
30,19,137
30,20,44
30,21,55
30,22,96
30,23,115
30,24,68
30,25,104
30,26,110
30,27,81
30,28,128
30,29,147
30,30,116
30,31,61
30,32,153
30,33,118
30,34,106
30,35,63
30,36,147
30,37,122
30,38,117
30,39,55
30,40,83
30,41,83
30,42,60
30,43,44
30,44,89
30,45,82
30,46,111
30,47,157
30,48,89
30,49,164
30,50,140
30,51,76
30,52,142
30,53,149
30,54,108
30,55,150
30,56,96
30,57,131
30,58,116
30,59,65
30,60,95
30,61,71
30,62,107
30,63,85
30,64,174
30,65,91
30,66,164
30,67,155
30,68,84
30,69,159
30,70,35
30,71,42
30,72,145
30,73,102
30,74,82
30,75,133
30,76,134
30,77,117
30,78,122
30,79,145
30,80,40
30,81,132
30,82,172
30,83,111
30,84,68
30,85,109
30,86,121
30,87,50
30,88,89
30,89,121
30,90,46
30,91,106
30,92,87
30,93,95
30,94,81
30,95,38
30,96,107
30,97,77
30,98,82
30,99,147
31,0,49
31,1,146
31,2,91
31,3,178
31,4,74
31,5,29
31,6,113
31,7,52
31,8,107
31,9,95
31,10,120
31,11,119
31,12,23
31,13,49
31,14,193
31,15,79
31,16,114
31,17,64
31,18,63
31,19,76
31,20,160
31,21,7
31,22,148
31,23,170
31,24,78
31,25,58
31,26,97
31,27,41
31,28,101
31,29,179
31,30,61
31,31,56
31,32,140
31,33,104
31,34,105
31,35,37
31,36,165
31,37,52
31,38,47
31,39,78
31,40,129
31,41,50
31,42,103
31,43,106
31,44,100
31,45,158
31,46,96
31,47,165
31,48,140
31,49,68
31,50,40
31,51,16
31,52,136
31,53,147
31,54,76
31,55,27
31,56,41
31,57,133
31,58,194
31,59,132
31,60,109
31,61,142
31,62,37
31,63,37
31,64,152
31,65,29
31,66,102
31,67,157
31,68,86
31,69,121
31,70,136
31,71,71
31,72,107
31,73,163
31,74,123
31,75,126
31,76,56
31,77,178
31,78,150
31,79,93
31,80,87
31,81,148
31,82,129
31,83,17
31,84,148
31,85,80
31,86,96
31,87,53
31,88,87
31,89,45
31,90,66
31,91,191
31,92,79
31,93,83
31,94,40
31,95,160
31,96,74
31,97,190
31,98,146
31,99,171
32,0,151
32,1,126
32,2,85
32,3,56
32,4,43
32,5,126
32,6,11
32,7,91
32,8,98
32,9,84
32,10,141
32,11,106
32,12,58
32,13,98
32,14,130
32,15,82
32,16,17
32,17,129
32,18,165
32,19,114
32,20,94
32,21,141
32,22,51
32,23,116
32,24,103
32,25,67
32,26,122
32,27,99
32,28,98
32,29,116
32,30,72
32,31,82
32,32,44
32,33,91
32,34,175
32,35,112
32,36,38
32,37,175
32,38,114
32,39,156
32,40,80
32,41,176
32,42,104
32,43,108
32,44,137
32,45,116
32,46,121
32,47,113
32,48,83
32,49,67
32,50,62
32,51,78
32,52,78
32,53,90
32,54,56
32,55,88
32,56,149
32,57,35
32,58,71
32,59,114
32,60,32
32,61,183
32,62,25
32,63,93
32,64,140
32,65,143
32,66,29
32,67,63
32,68,91
32,69,110
32,70,127
32,71,88
32,72,84
32,73,112
32,74,3
32,75,35
32,76,36
32,77,106
32,78,123
32,79,113
32,80,89
32,81,140
32,82,87
32,83,84
32,84,99
32,85,105
32,86,96
32,87,119
32,88,159
32,89,153
32,90,97
32,91,33
32,92,174
32,93,113
32,94,96
32,95,16
32,96,163
32,97,71
32,98,45
32,99,62
33,0,179
33,1,119
33,2,31
33,3,54
33,4,98
33,5,58
33,6,103
33,7,113
33,8,84
33,9,118
33,10,122
33,11,48
33,12,92
33,13,46
33,14,121
33,15,130
33,16,178
33,17,95
33,18,185
33,19,92
33,20,69
33,21,75
33,22,109
33,23,109
33,24,157
33,25,34
33,26,11
33,27,162
33,28,148
33,29,167
33,30,38
33,31,12
33,32,120
33,33,143
33,34,120
33,35,55
33,36,52
33,37,115
33,38,105
33,39,139
33,40,150
33,41,119
33,42,85
33,43,135
33,44,101
33,45,108
33,46,128
33,47,85
33,48,15
33,49,173
33,50,65
33,51,92
33,52,99
33,53,23
33,54,53
33,55,156
33,56,57
33,57,57
33,58,20
33,59,153
33,60,109
33,61,92
33,62,154
33,63,136
33,64,39
33,65,83
33,66,13
33,67,102
33,68,108
33,69,71
33,70,104
33,71,153
33,72,145
33,73,144
33,74,70
33,75,137
33,76,92
33,77,7
33,78,133
33,79,128
33,80,161
33,81,123
33,82,72
33,83,105
33,84,130
33,85,130
33,86,103
33,87,58
33,88,103
33,89,81
33,90,104
33,91,46
33,92,143
33,93,82
33,94,158
33,95,160
33,96,35
33,97,127
33,98,116
33,99,45
34,0,94
34,1,140
34,2,55
34,3,79
34,4,93
34,5,142
34,6,165
34,7,54
34,8,131
34,9,42
34,10,66
34,11,146
34,12,98
34,13,23
34,14,122
34,15,36
34,16,105
34,17,108
34,18,83
34,19,47
34,20,102
34,21,98
34,22,170
34,23,164
34,24,112
34,25,104
34,26,131
34,27,182
34,28,186
34,29,143
34,30,108
34,31,104
34,32,77
34,33,135
34,34,57
34,35,132
34,36,40
34,37,5
34,38,98
34,39,114
34,40,105
34,41,111
34,42,35
34,43,51
34,44,102
34,45,113
34,46,70
34,47,74
34,48,108
34,49,127
34,50,70
34,51,98
34,52,22
34,53,92
34,54,165
34,55,94
34,56,97
34,57,132
34,58,139
34,59,113
34,60,157
34,61,74
34,62,60
34,63,129
34,64,52
34,65,115
34,66,152
34,67,113
34,68,85
34,69,166
34,70,139
34,71,91
34,72,89
34,73,21
34,74,56
34,75,182
34,76,166
34,77,79
34,78,80
34,79,93
34,80,65
34,81,122
34,82,115
34,83,22
34,84,111
34,85,73
34,86,159
34,87,168
34,88,56
34,89,114
34,90,24
34,91,32
34,92,103
34,93,48
34,94,119
34,95,96
34,96,93
34,97,113
34,98,132
34,99,17
35,0,94
35,1,162
35,2,80
35,3,95
35,4,66
35,5,66
35,6,81
35,7,99
35,8,101
35,9,147
35,10,62
35,11,125
35,12,40
35,13,46
35,14,101
35,15,58
35,16,112
35,17,176
35,18,119
35,19,118
35,20,60
35,21,82
35,22,96
35,23,31
35,24,108
35,25,74
35,26,121
35,27,67
35,28,166
35,29,50
35,30,65
35,31,85
35,32,122
35,33,112
35,34,88
35,35,26
35,36,118
35,37,130
35,38,76
35,39,135
35,40,128
35,41,151
35,42,109
35,43,91
35,44,92
35,45,120
35,46,169
35,47,105
35,48,104
35,49,40
35,50,74
35,51,144
35,52,63
35,53,137
35,54,108
35,55,155
35,56,81
35,57,158
35,58,37
35,59,134
35,60,117
35,61,126
35,62,101
35,63,92
35,64,99
35,65,163
35,66,193
35,67,61
35,68,141
35,69,33
35,70,152
35,71,78
35,72,156
35,73,70
35,74,13
35,75,79
35,76,83
35,77,140
35,78,39
35,79,62
35,80,110
35,81,193
35,82,20
35,83,78
35,84,24
35,85,113
35,86,35
35,87,152
35,88,171
35,89,162
35,90,65
35,91,111
35,92,170
35,93,115
35,94,124
35,95,158
35,96,97
35,97,165
35,98,61
35,99,143
36,0,109
36,1,104
36,2,68
36,3,83
36,4,43
36,5,162
36,6,149
36,7,141
36,8,106
36,9,125
36,10,38
36,11,108
36,12,38
36,13,153
36,14,49
36,15,141
36,16,92
36,17,106
36,18,84
36,19,83
36,20,42
36,21,99
36,22,64
36,23,69
36,24,74
36,25,77
36,26,28
36,27,12
36,28,35
36,29,146
36,30,154
36,31,69
36,32,99
36,33,53
36,34,132
36,35,129
36,36,95
36,37,61
36,38,126
36,39,75
36,40,57
36,41,79
36,42,113
36,43,98
36,44,89
36,45,74
36,46,46
36,47,172
36,48,122
36,49,55
36,50,108
36,51,51
36,52,123
36,53,87
36,54,89
36,55,112
36,56,85
36,57,134
36,58,104
36,59,115
36,60,120
36,61,141
36,62,43
36,63,67
36,64,116
36,65,198
36,66,50
36,67,188
36,68,139
36,69,155
36,70,105
36,71,13
36,72,146
36,73,116
36,74,142
36,75,47
36,76,35
36,77,26
36,78,153
36,79,132
36,80,96
36,81,113
36,82,152
36,83,125
36,84,127
36,85,166
36,86,74
36,87,142
36,88,174
36,89,55
36,90,59
36,91,46
36,92,38
36,93,177
36,94,119
36,95,84
36,96,58
36,97,82
36,98,108
36,99,63
37,0,169
37,1,84
37,2,100
37,3,77
37,4,75
37,5,128
37,6,107
37,7,124
37,8,40
37,9,99
37,10,67
37,11,86
37,12,99
37,13,103
37,14,87
37,15,110
37,16,68
37,17,109
37,18,107
37,19,92
37,20,171
37,21,170
37,22,136
37,23,91
37,24,39
37,25,35
37,26,115
37,27,85
37,28,87
37,29,163
37,30,116
37,31,130
37,32,55
37,33,19
37,34,61
37,35,80
37,36,142
37,37,103
37,38,104
37,39,81
37,40,64
37,41,73
37,42,65
37,43,142
37,44,66
37,45,64
37,46,100
37,47,78
37,48,29
37,49,159
37,50,167
37,51,118
37,52,104
37,53,114
37,54,119
37,55,47
37,56,97
37,57,100
37,58,78
37,59,187
37,60,82
37,61,92
37,62,29
37,63,140
37,64,142
37,65,75
37,66,149
37,67,113
37,68,74
37,69,167
37,70,58
37,71,130
37,72,94
37,73,110
37,74,11
37,75,89
37,76,119
37,77,138
37,78,178
37,79,98
37,80,168
37,81,89
37,82,135
37,83,135
37,84,135
37,85,95
37,86,171
37,87,180
37,88,86
37,89,117
37,90,192
37,91,51
37,92,106
37,93,75
37,94,87
37,95,28
37,96,74
37,97,61
37,98,79
37,99,109
38,0,107
38,1,184
38,2,122
38,3,119
38,4,124
38,5,155
38,6,126
38,7,66
38,8,62
38,9,142
38,10,99
38,11,26
38,12,52
38,13,60
38,14,106
38,15,104
38,16,109
38,17,23
38,18,99
38,19,84
38,20,69
38,21,29
38,22,36
38,23,76
38,24,123
38,25,123
38,26,43
38,27,101
38,28,100
38,29,149
38,30,60
38,31,163
38,32,65
38,33,134
38,34,133
38,35,61
38,36,64
38,37,61
38,38,63
38,39,89
38,40,93
38,41,78
38,42,130
38,43,172
38,44,57
38,45,83
38,46,54
38,47,120
38,48,70
38,49,64
38,50,75
38,51,91
38,52,25
38,53,121
38,54,114
38,55,49
38,56,133
38,57,167
38,58,47
38,59,99
38,60,115
38,61,78
38,62,80
38,63,120
38,64,54
38,65,110
38,66,40
38,67,39
38,68,94
38,69,26
38,70,157
38,71,112
38,72,147
38,73,46
38,74,20
38,75,123
38,76,184
38,77,96
38,78,144
38,79,75
38,80,140
38,81,132
38,82,102
38,83,92
38,84,120
38,85,137
38,86,186
38,87,131
38,88,102
38,89,128
38,90,19
38,91,158
38,92,105
38,93,103
38,94,76
38,95,26
38,96,94
38,97,110
38,98,169
38,99,84
39,0,81
39,1,70
39,2,78
39,3,130
39,4,78
39,5,116
39,6,133
39,7,150
39,8,116
39,9,83
39,10,98
39,11,170
39,12,122
39,13,130
39,14,82
39,15,97
39,16,149
39,17,53
39,18,48
39,19,60
39,20,103
39,21,68
39,22,50
39,23,79
39,24,69
39,25,4
39,26,105
39,27,105
39,28,190
39,29,46
39,30,110
39,31,99
39,32,81
39,33,104
39,34,122
39,35,98
39,36,105
39,37,91
39,38,88
39,39,97
39,40,119
39,41,73
39,42,154
39,43,43
39,44,127
39,45,82
39,46,55
39,47,79
39,48,115
39,49,95
39,50,61
39,51,48
39,52,96
39,53,70
39,54,91
39,55,132
39,56,91
39,57,140
39,58,97
39,59,169
39,60,125
39,61,184
39,62,104
39,63,91
39,64,62
39,65,100
39,66,72
39,67,98
39,68,164
39,69,35
39,70,68
39,71,58
39,72,79
39,73,80
39,74,56
39,75,116
39,76,171
39,77,108
39,78,95
39,79,79
39,80,40
39,81,72
39,82,115
39,83,68
39,84,110
39,85,32
39,86,172
39,87,97
39,88,118
39,89,69
39,90,64
39,91,115
39,92,165
39,93,79
39,94,123
39,95,66
39,96,148
39,97,177
39,98,182
39,99,97
40,0,123
40,1,110
40,2,170
40,3,168
40,4,51
40,5,108
40,6,150
40,7,106
40,8,56
40,9,107
40,10,80
40,11,172
40,12,125
40,13,115
40,14,106
40,15,73
40,16,127
40,17,51
40,18,135
40,19,106
40,20,86
40,21,67
40,22,89
40,23,156
40,24,61
40,25,33
40,26,77
40,27,91
40,28,149
40,29,58
40,30,75
40,31,139
40,32,67
40,33,100
40,34,113
40,35,53
40,36,154
40,37,46
40,38,77
40,39,29
40,40,98
40,41,125
40,42,153
40,43,37
40,44,102
40,45,150
40,46,165
40,47,79
40,48,76
40,49,129
40,50,78
40,51,60
40,52,115
40,53,59
40,54,102
40,55,119
40,56,80
40,57,32
40,58,46
40,59,111
40,60,79
40,61,172
40,62,42
40,63,78
40,64,119
40,65,112
40,66,102
40,67,120
40,68,112
40,69,177
40,70,84
40,71,130
40,72,144
40,73,111
40,74,132
40,75,60
40,76,35
40,77,77
40,78,48
40,79,163
40,80,12
40,81,69
40,82,58
40,83,64
40,84,86
40,85,137
40,86,55
40,87,82
40,88,42
40,89,114
40,90,39
40,91,119
40,92,131
40,93,118
40,94,149
40,95,54
40,96,163
40,97,154
40,98,59
40,99,142
41,0,132
41,1,149
41,2,75
41,3,60
41,4,83
41,5,134
41,6,171
41,7,69
41,8,105
41,9,39
41,10,182
41,11,20
41,12,54
41,13,31
41,14,10
41,15,41
41,16,130
41,17,118
41,18,88
41,19,7
41,20,152
41,21,103
41,22,159
41,23,110
41,24,174
41,25,49
41,26,133
41,27,88
41,28,52
41,29,79
41,30,176
41,31,142
41,32,120
41,33,120
41,34,172
41,35,29
41,36,42
41,37,169
41,38,84
41,39,84
41,40,24
41,41,122
41,42,118
41,43,38
41,44,106
41,45,74
41,46,63
41,47,120
41,48,82
41,49,112
41,50,99
41,51,52
41,52,86
41,53,140
41,54,15
41,55,138
41,56,63
41,57,33
41,58,148
41,59,175
41,60,8
41,61,102
41,62,71
41,63,40
41,64,49
41,65,111
41,66,27
41,67,58
41,68,178
41,69,128
41,70,66
41,71,31
41,72,104
41,73,91
41,74,66
41,75,121
41,76,123
41,77,119
41,78,72
41,79,87
41,80,156
41,81,117
41,82,87
41,83,60
41,84,22
41,85,110
41,86,192
41,87,108
41,88,64
41,89,130
41,90,173
41,91,125
41,92,111
41,93,150
41,94,66
41,95,111
41,96,58
41,97,30
41,98,41
41,99,109
42,0,48
42,1,73
42,2,90
42,3,112
42,4,76
42,5,77
42,6,37
42,7,81
42,8,49
42,9,75
42,10,123
42,11,162
42,12,123
42,13,93
42,14,70
42,15,152
42,16,110
42,17,187
42,18,152
42,19,142
42,20,50
42,21,155
42,22,105
42,23,74
42,24,31
42,25,156
42,26,68
42,27,92
42,28,139
42,29,95
42,30,59
42,31,134
42,32,32
42,33,157
42,34,87
42,35,192
42,36,85
42,37,89
42,38,115
42,39,169
42,40,108
42,41,26
42,42,55
42,43,136
42,44,90
42,45,68
42,46,123
42,47,99
42,48,28
42,49,113
42,50,77
42,51,88
42,52,37
42,53,44
42,54,104
42,55,162
42,56,63
42,57,28
42,58,128
42,59,62
42,60,92
42,61,145
42,62,167
42,63,139
42,64,160
42,65,64
42,66,179
42,67,49
42,68,86
42,69,171
42,70,147
42,71,96
42,72,115
42,73,109
42,74,59
42,75,177
42,76,75
42,77,92
42,78,136
42,79,63
42,80,78
42,81,74
42,82,139
42,83,129
42,84,105
42,85,103
42,86,105
42,87,109
42,88,110
42,89,17
42,90,121
42,91,92
42,92,86
42,93,76
42,94,88
42,95,89
42,96,49
42,97,109
42,98,136
42,99,85
43,0,114
43,1,19
43,2,41
43,3,102
43,4,44
43,5,51
43,6,77
43,7,56
43,8,168
43,9,158
43,10,104
43,11,107
43,12,96
43,13,63
43,14,162
43,15,99
43,16,46
43,17,56
43,18,95
43,19,172
43,20,99
43,21,127
43,22,174
43,23,122
43,24,110
43,25,140
43,26,109
43,27,142
43,28,56
43,29,75
43,30,146
43,31,114
43,32,172
43,33,16
43,34,77
43,35,93
43,36,183
43,37,142
43,38,123
43,39,149
43,40,116
43,41,42
43,42,92
43,43,51
43,44,91
43,45,165
43,46,93
43,47,56
43,48,77
43,49,172
43,50,136
43,51,93
43,52,96
43,53,159
43,54,123
43,55,36
43,56,150
43,57,149
43,58,113
43,59,190
43,60,111
43,61,60
43,62,108
43,63,134
43,64,112
43,65,91
43,66,53
43,67,80
43,68,151
43,69,162
43,70,109
43,71,18
43,72,75
43,73,135
43,74,121
43,75,68
43,76,122
43,77,163
43,78,114
43,79,91
43,80,46
43,81,129
43,82,76
43,83,31
43,84,158
43,85,138
43,86,135
43,87,100
43,88,93
43,89,63
43,90,142
43,91,85
43,92,149
43,93,50
43,94,119
43,95,138
43,96,100
43,97,48
43,98,81
43,99,23
44,0,89
44,1,71
44,2,81
44,3,58
44,4,138
44,5,77
44,6,83
44,7,33
44,8,132
44,9,33
44,10,97
44,11,57
44,12,146
44,13,34
44,14,160
44,15,89
44,16,32
44,17,83
44,18,41
44,19,123
44,20,133
44,21,146
44,22,85
44,23,100
44,24,105
44,25,109
44,26,102
44,27,143
44,28,129
44,29,35
44,30,115
44,31,143
44,32,136
44,33,137
44,34,165
44,35,128
44,36,192
44,37,112
44,38,64
44,39,94
44,40,111
44,41,130
44,42,139
44,43,95
44,44,69
44,45,164
44,46,63
44,47,36
44,48,133
44,49,54
44,50,99
44,51,127
44,52,80
44,53,44
44,54,5
44,55,101
44,56,172
44,57,81
44,58,70
44,59,100
44,60,73
44,61,126
44,62,95
44,63,50
44,64,95
44,65,136
44,66,105
44,67,126
44,68,40
44,69,118
44,70,107
44,71,60
44,72,104
44,73,108
44,74,87
44,75,111
44,76,64
44,77,144
44,78,85
44,79,46
44,80,167
44,81,64
44,82,182
44,83,67
44,84,125
44,85,100
44,86,135
44,87,90
44,88,92
44,89,177
44,90,141
44,91,73
44,92,43
44,93,75
44,94,146
44,95,50
44,96,81
44,97,55
44,98,126
44,99,124
45,0,142
45,1,110
45,2,53
45,3,104
45,4,95
45,5,121
45,6,18
45,7,168
45,8,156
45,9,67
45,10,38
45,11,55
45,12,107
45,13,111
45,14,103
45,15,117
45,16,99
45,17,45
45,18,86
45,19,139
45,20,128
45,21,110
45,22,121
45,23,120
45,24,118
45,25,77
45,26,140
45,27,71
45,28,79
45,29,44
45,30,84
45,31,56
45,32,123
45,33,97
45,34,115
45,35,69
45,36,124
45,37,107
45,38,116
45,39,137
45,40,54
45,41,92
45,42,130
45,43,111
45,44,175
45,45,119
45,46,96
45,47,108
45,48,101
45,49,141
45,50,93
45,51,128
45,52,164
45,53,137
45,54,161
45,55,100
45,56,52
45,57,184
45,58,59
45,59,55
45,60,170
45,61,53
45,62,91
45,63,123
45,64,75
45,65,43
45,66,153
45,67,53
45,68,125
45,69,162
45,70,69
45,71,88
45,72,69
45,73,169
45,74,97
45,75,114
45,76,117
45,77,80
45,78,154
45,79,93
45,80,55
45,81,114
45,82,73
45,83,109
45,84,98
45,85,50
45,86,154
45,87,68
45,88,90
45,89,81
45,90,58
45,91,143
45,92,115
45,93,160
45,94,37
45,95,123
45,96,79
45,97,128
45,98,90
45,99,136
46,0,134
46,1,179
46,2,130
46,3,139
46,4,96
46,5,123
46,6,190
46,7,81
46,8,109
46,9,118
46,10,60
46,11,139
46,12,26
46,13,158
46,14,155
46,15,134
46,16,28
46,17,104
46,18,90
46,19,173
46,20,78
46,21,69
46,22,112
46,23,81
46,24,88
46,25,176
46,26,158
46,27,48
46,28,127
46,29,27
46,30,105
46,31,126
46,32,112
46,33,116
46,34,28
46,35,78
46,36,65
46,37,152
46,38,22
46,39,40
46,40,41
46,41,58
46,42,74
46,43,67
46,44,180
46,45,86
46,46,123
46,47,132
46,48,146
46,49,106
46,50,106
46,51,96
46,52,116
46,53,14
46,54,156
46,55,53
46,56,111
46,57,113
46,58,189
46,59,82
46,60,101
46,61,104
46,62,143
46,63,65
46,64,116
46,65,118
46,66,129
46,67,125
46,68,161
46,69,113
46,70,93
46,71,66
46,72,110
46,73,150
46,74,136
46,75,93
46,76,134
46,77,59
46,78,72
46,79,69
46,80,90
46,81,123
46,82,130
46,83,136
46,84,106
46,85,109
46,86,85
46,87,167
46,88,71
46,89,141
46,90,49
46,91,102
46,92,42
46,93,150
46,94,132
46,95,53
46,96,117
46,97,91
46,98,90
46,99,56
47,0,136
47,1,53
47,2,3
47,3,53
47,4,84
47,5,56
47,6,67
47,7,177
47,8,51
47,9,22
47,10,93
47,11,102
47,12,62
47,13,37
47,14,38
47,15,158
47,16,98
47,17,104
47,18,81
47,19,74
47,20,56
47,21,95
47,22,52
47,23,103
47,24,94
47,25,162
47,26,65
47,27,123
47,28,85
47,29,88
47,30,55
47,31,123
47,32,55
47,33,112
47,34,46
47,35,157
47,36,89
47,37,143
47,38,49
47,39,118
47,40,39
47,41,72
47,42,45
47,43,113
47,44,41
47,45,98
47,46,63
47,47,70
47,48,111
47,49,70
47,50,137
47,51,138
47,52,75
47,53,147
47,54,79
47,55,110
47,56,141
47,57,48
47,58,93
47,59,61
47,60,79
47,61,112
47,62,60
47,63,121
47,64,124
47,65,102
47,66,96
47,67,128
47,68,71
47,69,18
47,70,108
47,71,77
47,72,98
47,73,22
47,74,94
47,75,95
47,76,37
47,77,2
47,78,145
47,79,82
47,80,151
47,81,184
47,82,123
47,83,85
47,84,27
47,85,126
47,86,98
47,87,129
47,88,136
47,89,93
47,90,178
47,91,110
47,92,137
47,93,159
47,94,181
47,95,148
47,96,73
47,97,127
47,98,137
47,99,54
48,0,91
48,1,113
48,2,44
48,3,72
48,4,87
48,5,129
48,6,137
48,7,103
48,8,114
48,9,71
48,10,114
48,11,156
48,12,141
48,13,100
48,14,124
48,15,73
48,16,25
48,17,145
48,18,62
48,19,106
48,20,181
48,21,103
48,22,153
48,23,188
48,24,105
48,25,144
48,26,82
48,27,133
48,28,31
48,29,45
48,30,170
48,31,84
48,32,100
48,33,109
48,34,115
48,35,190
48,36,138
48,37,100
48,38,114
48,39,96
48,40,64
48,41,70
48,42,160
48,43,62
48,44,99
48,45,24
48,46,81
48,47,97
48,48,122
48,49,167
48,50,44
48,51,95
48,52,131
48,53,60
48,54,34
48,55,79
48,56,173
48,57,60
48,58,181
48,59,185
48,60,95
48,61,50
48,62,125
48,63,173
48,64,95
48,65,120
48,66,105
48,67,23
48,68,159
48,69,22
48,70,28
48,71,92
48,72,77
48,73,121
48,74,133
48,75,124
48,76,88
48,77,99
48,78,95
48,79,36
48,80,110
48,81,82
48,82,133
48,83,131
48,84,126
48,85,105
48,86,130
48,87,147
48,88,89
48,89,133
48,90,112
48,91,92
48,92,82
48,93,106
48,94,100
48,95,98
48,96,75
48,97,161
48,98,101
48,99,125
49,0,61
49,1,54
49,2,129
49,3,108
49,4,130
49,5,74
49,6,174
49,7,127
49,8,95
49,9,158
49,10,24
49,11,99
49,12,117
49,13,134
49,14,164
49,15,113
49,16,137
49,17,93
49,18,191
49,19,96
49,20,105
49,21,92
49,22,30
49,23,111
49,24,36
49,25,80
49,26,143
49,27,115
49,28,151
49,29,163
49,30,54
49,31,107
49,32,188
49,33,82
49,34,93
49,35,112
49,36,105
49,37,150
49,38,82
49,39,73
49,40,126
49,41,93
49,42,127
49,43,94
49,44,17
49,45,155
49,46,97
49,47,69
49,48,9
49,49,28
49,50,81
49,51,177
49,52,125
49,53,161
49,54,103
49,55,174
49,56,112
49,57,106
49,58,34
49,59,87
49,60,125
49,61,118
49,62,104
49,63,18
49,64,115
49,65,135
49,66,129
49,67,105
49,68,174
49,69,53
49,70,86
49,71,109
49,72,123
49,73,86
49,74,98
49,75,181
49,76,69
49,77,45
49,78,186
49,79,123
49,80,115
49,81,125
49,82,92
49,83,98
49,84,58
49,85,99
49,86,88
49,87,97
49,88,69
49,89,93
49,90,107
49,91,82
49,92,105
49,93,46
49,94,130
49,95,81
49,96,94
49,97,150
49,98,48
49,99,81
50,0,105
50,1,10
50,2,108
50,3,75
50,4,94
50,5,134
50,6,103
50,7,104
50,8,100
50,9,123
50,10,159
50,11,22
50,12,147
50,13,106
50,14,174
50,15,119
50,16,110
50,17,55
50,18,145
50,19,106
50,20,103
50,21,39
50,22,72
50,23,147
50,24,71
50,25,68
50,26,116
50,27,81
50,28,140
50,29,115
50,30,131
50,31,40
50,32,192
50,33,104
50,34,109
50,35,45
50,36,112
50,37,88
50,38,43
50,39,15
50,40,73
50,41,138
50,42,104
50,43,119
50,44,130
50,45,106
50,46,126
50,47,167
50,48,78
50,49,68
50,50,159
50,51,112
50,52,94
50,53,108
50,54,136
50,55,72
50,56,151
50,57,117
50,58,179
50,59,113
50,60,28
50,61,108
50,62,159
50,63,70
50,64,105
50,65,122
50,66,88
50,67,90
50,68,40
50,69,72
50,70,10
50,71,93
50,72,155
50,73,154
50,74,112
50,75,129
50,76,121
50,77,129
50,78,105
50,79,127
50,80,109
50,81,85
50,82,173
50,83,65
50,84,156
50,85,16
50,86,187
50,87,103
50,88,40
50,89,46
50,90,130
50,91,75
50,92,69
50,93,18
50,94,81
50,95,92
50,96,80
50,97,105
50,98,86
50,99,114
51,0,62
51,1,39
51,2,94
51,3,54
51,4,104
51,5,40
51,6,144
51,7,67
51,8,89
51,9,175
51,10,109
51,11,167
51,12,38
51,13,66
51,14,153
51,15,41
51,16,136
51,17,181
51,18,126
51,19,162
51,20,145
51,21,70
51,22,83
51,23,174
51,24,115
51,25,92
51,26,102
51,27,147
51,28,66
51,29,108
51,30,125
51,31,139
51,32,90
51,33,155
51,34,77
51,35,97
51,36,106
51,37,126
51,38,175
51,39,151
51,40,78
51,41,163
51,42,83
51,43,87
51,44,117
51,45,93
51,46,172
51,47,126
51,48,68
51,49,49
51,50,76
51,51,117
51,52,100
51,53,151
51,54,93
51,55,22
51,56,150
51,57,127
51,58,121
51,59,101
51,60,65
51,61,103
51,62,182
51,63,91
51,64,92
51,65,142
51,66,5
51,67,36
51,68,115
51,69,158
51,70,142
51,71,131
51,72,46
51,73,96
51,74,27
51,75,95
51,76,100
51,77,112
51,78,125
51,79,119
51,80,105
51,81,58
51,82,65
51,83,103
51,84,47
51,85,152
51,86,138
51,87,87
51,88,112
51,89,123
51,90,156
51,91,67
51,92,48
51,93,71
51,94,94
51,95,155
51,96,134
51,97,93
51,98,59
51,99,91
52,0,123
52,1,133
52,2,114
52,3,115
52,4,55
52,5,82
52,6,92
52,7,79
52,8,91
52,9,30
52,10,108
52,11,112
52,12,61
52,13,68
52,14,80
52,15,21
52,16,138
52,17,132
52,18,152
52,19,104
52,20,98
52,21,162
52,22,147
52,23,71
52,24,111
52,25,173
52,26,96
52,27,161
52,28,153
52,29,30
52,30,34
52,31,119
52,32,120
52,33,97
52,34,52
52,35,187
52,36,107
52,37,172
52,38,113
52,39,133
52,40,104
52,41,123
52,42,48
52,43,159
52,44,109
52,45,106
52,46,47
52,47,160
52,48,148
52,49,180
52,50,179
52,51,66
52,52,90
52,53,162
52,54,52
52,55,137
52,56,75
52,57,88
52,58,15
52,59,124
52,60,156
52,61,130
52,62,24
52,63,30
52,64,37
52,65,102
52,66,167
52,67,109
52,68,35
52,69,121
52,70,81
52,71,60
52,72,115
52,73,142
52,74,27
52,75,159
52,76,100
52,77,87
52,78,64
52,79,112
52,80,111
52,81,111
52,82,96
52,83,106
52,84,89
52,85,123
52,86,102
52,87,123
52,88,126
52,89,91
52,90,74
52,91,60
52,92,54
52,93,135
52,94,55
52,95,128
52,96,99
52,97,168
52,98,125
52,99,133
53,0,108
53,1,69
53,2,98
53,3,97
53,4,67
53,5,157
53,6,108
53,7,83
53,8,138
53,9,101
53,10,99
53,11,87
53,12,58
53,13,146
53,14,76
53,15,186
53,16,64
53,17,94
53,18,103
53,19,41
53,20,148
53,21,69
53,22,113
53,23,158
53,24,170
53,25,118
53,26,89
53,27,151
53,28,30
53,29,187
53,30,30
53,31,106
53,32,61
53,33,62
53,34,82
53,35,47
53,36,151
53,37,128
53,38,82
53,39,107
53,40,161
53,41,23
53,42,110
53,43,74
53,44,95
53,45,25
53,46,71
53,47,61
53,48,50
53,49,10
53,50,46
53,51,42
53,52,65
53,53,75
53,54,141
53,55,151
53,56,35
53,57,134
53,58,62
53,59,46
53,60,107
53,61,85
53,62,70
53,63,122
53,64,76
53,65,119
53,66,109
53,67,85
53,68,91
53,69,104
53,70,22
53,71,162
53,72,100
53,73,168
53,74,127
53,75,56
53,76,115
53,77,175
53,78,73
53,79,35
53,80,120
53,81,122
53,82,134
53,83,89
53,84,132
53,85,119
53,86,113
53,87,124
53,88,90
53,89,98
53,90,70
53,91,97
53,92,128
53,93,82
53,94,147
53,95,109
53,96,109
53,97,146
53,98,96
53,99,103
54,0,59
54,1,100
54,2,154
54,3,101
54,4,53
54,5,104
54,6,90
54,7,103
54,8,72
54,9,162
54,10,115
54,11,52
54,12,90
54,13,148
54,14,63
54,15,36
54,16,192
54,17,117
54,18,46
54,19,28
54,20,106
54,21,27
54,22,135
54,23,25
54,24,159
54,25,95
54,26,94
54,27,94
54,28,31
54,29,169
54,30,177
54,31,134
54,32,146
54,33,28
54,34,137
54,35,144
54,36,112
54,37,84
54,38,112
54,39,76
54,40,107
54,41,97
54,42,27
54,43,97
54,44,37
54,45,78
54,46,96
54,47,197
54,48,178
54,49,134
54,50,139
54,51,51
54,52,31
54,53,143
54,54,140
54,55,66
54,56,104
54,57,115
54,58,88
54,59,108
54,60,139
54,61,167
54,62,109
54,63,62
54,64,46
54,65,101
54,66,72
54,67,116
54,68,59
54,69,100
54,70,101
54,71,96
54,72,99
54,73,102
54,74,83
54,75,111
54,76,55
54,77,55
54,78,193
54,79,63
54,80,177
54,81,117
54,82,88
54,83,160
54,84,133
54,85,129
54,86,68
54,87,72
54,88,103
54,89,126
54,90,87
54,91,91
54,92,8
54,93,52
54,94,98
54,95,93
54,96,75
54,97,122
54,98,67
54,99,198
55,0,113
55,1,46
55,2,183
55,3,62
55,4,8
55,5,123
55,6,78
55,7,92
55,8,86
55,9,142
55,10,149
55,11,74
55,12,118
55,13,49
55,14,104
55,15,151
55,16,39
55,17,87
55,18,89
55,19,51
55,20,152
55,21,114
55,22,124
55,23,114
55,24,83
55,25,41
55,26,78
55,27,153
55,28,108
55,29,56
55,30,42
55,31,113
55,32,158
55,33,133
55,34,87
55,35,99
55,36,114
55,37,139
55,38,38
55,39,76
55,40,83
55,41,93
55,42,107
55,43,106
55,44,170
55,45,78
55,46,165
55,47,106
55,48,100
55,49,93
55,50,105
55,51,146
55,52,131
55,53,37
55,54,95
55,55,29
55,56,79
55,57,116
55,58,126
55,59,56
55,60,77
55,61,105
55,62,114
55,63,118
55,64,131
55,65,97
55,66,40
55,67,163
55,68,183
55,69,138
55,70,134
55,71,95
55,72,104
55,73,101
55,74,22
55,75,97
55,76,63
55,77,190
55,78,105
55,79,93
55,80,62
55,81,23
55,82,138
55,83,97
55,84,62
55,85,128
55,86,28
55,87,100
55,88,77
55,89,87
55,90,107
55,91,152
55,92,78
55,93,100
55,94,180
55,95,83
55,96,168
55,97,89
55,98,8
55,99,47
56,0,65
56,1,166
56,2,108
56,3,94
56,4,175
56,5,100
56,6,38
56,7,50
56,8,105
56,9,159
56,10,55
56,11,82
56,12,101
56,13,110
56,14,98
56,15,111
56,16,78
56,17,102
56,18,160
56,19,8
56,20,125
56,21,30
56,22,75
56,23,137
56,24,112
56,25,83
56,26,132
56,27,53
56,28,133
56,29,102
56,30,89
56,31,83
56,32,122
56,33,106
56,34,84
56,35,46
56,36,177
56,37,86
56,38,109
56,39,87
56,40,117
56,41,121
56,42,79
56,43,19
56,44,167
56,45,84
56,46,108
56,47,54
56,48,130
56,49,167
56,50,65
56,51,33
56,52,81
56,53,106
56,54,101
56,55,161
56,56,161
56,57,93
56,58,123
56,59,163
56,60,93
56,61,53
56,62,105
56,63,101
56,64,113
56,65,100
56,66,136
56,67,127
56,68,113
56,69,55
56,70,122
56,71,21
56,72,143
56,73,102
56,74,82
56,75,33
56,76,160
56,77,111
56,78,139
56,79,99
56,80,87
56,81,107
56,82,96
56,83,153
56,84,181
56,85,61
56,86,41
56,87,123
56,88,122
56,89,67
56,90,25
56,91,141
56,92,141
56,93,70
56,94,130
56,95,109
56,96,16
56,97,122
56,98,109
56,99,80
57,0,71
57,1,110
57,2,103
57,3,166
57,4,103
57,5,140
57,6,175
57,7,108
57,8,89
57,9,119
57,10,49
57,11,118
57,12,155
57,13,52
57,14,83
57,15,176
57,16,126
57,17,9
57,18,62
57,19,159
57,20,85
57,21,44
57,22,126
57,23,23
57,24,115
57,25,76
57,26,67
57,27,139
57,28,151
57,29,55
57,30,92
57,31,118
57,32,116
57,33,147
57,34,107
57,35,94
57,36,129
57,37,105
57,38,126
57,39,45
57,40,129
57,41,52
57,42,100
57,43,23
57,44,82
57,45,57
57,46,76
57,47,155
57,48,105
57,49,150
57,50,53
57,51,62
57,52,38
57,53,85
57,54,84
57,55,121
57,56,75
57,57,160
57,58,144
57,59,93
57,60,117
57,61,64
57,62,71
57,63,177
57,64,54
57,65,149
57,66,98
57,67,116
57,68,164
57,69,87
57,70,152
57,71,180
57,72,64
57,73,104
57,74,132
57,75,95
57,76,165
57,77,101
57,78,172
57,79,61
57,80,96
57,81,93
57,82,119
57,83,9
57,84,97
57,85,143
57,86,56
57,87,113
57,88,130
57,89,107
57,90,114
57,91,43
57,92,72
57,93,49
57,94,154
57,95,58
57,96,52
57,97,133
57,98,109
57,99,43
58,0,77
58,1,25
58,2,109
58,3,38
58,4,64
58,5,103
58,6,52
58,7,66
58,8,41
58,9,154
58,10,31
58,11,44
58,12,89
58,13,68
58,14,117
58,15,81
58,16,94
58,17,173
58,18,122
58,19,124
58,20,142
58,21,85
58,22,62
58,23,65
58,24,54
58,25,97
58,26,120
58,27,107
58,28,147
58,29,68
58,30,82
58,31,52
58,32,114
58,33,122
58,34,64
58,35,82
58,36,102
58,37,46
58,38,127
58,39,98
58,40,55
58,41,40
58,42,56
58,43,106
58,44,39
58,45,72
58,46,116
58,47,33
58,48,157
58,49,124
58,50,122
58,51,102
58,52,133
58,53,74
58,54,71
58,55,79
58,56,146
58,57,150
58,58,162
58,59,122
58,60,124
58,61,127
58,62,153
58,63,48
58,64,132
58,65,87
58,66,110
58,67,86
58,68,96
58,69,101
58,70,78
58,71,175
58,72,121
58,73,117
58,74,82
58,75,147
58,76,138
58,77,113
58,78,99
58,79,47
58,80,119
58,81,24
58,82,87
58,83,112
58,84,73
58,85,34
58,86,127
58,87,147
58,88,98
58,89,92
58,90,114
58,91,138
58,92,86
58,93,73
58,94,74
58,95,6
58,96,98
58,97,81
58,98,180
58,99,152
59,0,132
59,1,51
59,2,87
59,3,78
59,4,153
59,5,103
59,6,70
59,7,39
59,8,73
59,9,116
59,10,105
59,11,78
59,12,102
59,13,175
59,14,109
59,15,78
59,16,113
59,17,116
59,18,111
59,19,142
59,20,19
59,21,28
59,22,108
59,23,115
59,24,80
59,25,102
59,26,149
59,27,81
59,28,114
59,29,103
59,30,137
59,31,79
59,32,61
59,33,126
59,34,80
59,35,127
59,36,41
59,37,110
59,38,173
59,39,52
59,40,89
59,41,85
59,42,127
59,43,29
59,44,64
59,45,61
59,46,108
59,47,72
59,48,99
59,49,107
59,50,53
59,51,100
59,52,122
59,53,64
59,54,64
59,55,25
59,56,13
59,57,152
59,58,54
59,59,51
59,60,47
59,61,128
59,62,52
59,63,123
59,64,95
59,65,65
59,66,24
59,67,83
59,68,56
59,69,117
59,70,70
59,71,131
59,72,31
59,73,165
59,74,28
59,75,146
59,76,160
59,77,56
59,78,142
59,79,112
59,80,64
59,81,113
59,82,102
59,83,79
59,84,126
59,85,66
59,86,74
59,87,93
59,88,139
59,89,147
59,90,178
59,91,75
59,92,164
59,93,76
59,94,99
59,95,67
59,96,133
59,97,104
59,98,87
59,99,173
60,0,104
60,1,182
60,2,98
60,3,136
60,4,28
60,5,63
60,6,104
60,7,118
60,8,138
60,9,52
60,10,103
60,11,134
60,12,124
60,13,77
60,14,184
60,15,98
60,16,110
60,17,131
60,18,87
60,19,140
60,20,85
60,21,47
60,22,20
60,23,71
60,24,97
60,25,159
60,26,101
60,27,160
60,28,122
60,29,35
60,30,76
60,31,130
60,32,100
60,33,30
60,34,62
60,35,79
60,36,68
60,37,87
60,38,47
60,39,30
60,40,176
60,41,41
60,42,30
60,43,103
60,44,36
60,45,125
60,46,146
60,47,102
60,48,154
60,49,194
60,50,139
60,51,70
60,52,75
60,53,160
60,54,94
60,55,120
60,56,64
60,57,102
60,58,88
60,59,96
60,60,161
60,61,97
60,62,135
60,63,132
60,64,168
60,65,162
60,66,144
60,67,137
60,68,57
60,69,39
60,70,46
60,71,91
60,72,56
60,73,38
60,74,45
60,75,67
60,76,79
60,77,90
60,78,154
60,79,47
60,80,115
60,81,145
60,82,66
60,83,75
60,84,81
60,85,106
60,86,139
60,87,162
60,88,44
60,89,140
60,90,22
60,91,77
60,92,135
60,93,96
60,94,109
60,95,73
60,96,9
60,97,88
60,98,74
60,99,148
61,0,115
61,1,24
61,2,37
61,3,42
61,4,102
61,5,32
61,6,139
61,7,137
61,8,98
61,9,125
61,10,97
61,11,147
61,12,135
61,13,116
61,14,179
61,15,98
61,16,89
61,17,118
61,18,129
61,19,89
61,20,191
61,21,82
61,22,183
61,23,67
61,24,113
61,25,130
61,26,137
61,27,90
61,28,101
61,29,137
61,30,179
61,31,107
61,32,21
61,33,96
61,34,115
61,35,63
61,36,157
61,37,161
61,38,77
61,39,134
61,40,78
61,41,94
61,42,135
61,43,96
61,44,144
61,45,115
61,46,178
61,47,149
61,48,142
61,49,90
61,50,141
61,51,122
61,52,90
61,53,46
61,54,68
61,55,99
61,56,110
61,57,115
61,58,76
61,59,37
61,60,102
61,61,191
61,62,152
61,63,59
61,64,114
61,65,97
61,66,37
61,67,140
61,68,109
61,69,36
61,70,120
61,71,91
61,72,93
61,73,151
61,74,30
61,75,81
61,76,69
61,77,90
61,78,113
61,79,103
61,80,57
61,81,61
61,82,195
61,83,72
61,84,80
61,85,101
61,86,144
61,87,132
61,88,156
61,89,123
61,90,188
61,91,35
61,92,113
61,93,21
61,94,96
61,95,99
61,96,90
61,97,147
61,98,90
61,99,140
62,0,110
62,1,120
62,2,20
62,3,115
62,4,151
62,5,152
62,6,171
62,7,129
62,8,69
62,9,159
62,10,91
62,11,127
62,12,77
62,13,45
62,14,159
62,15,83
62,16,155
62,17,161
62,18,61
62,19,115
62,20,35
62,21,114
62,22,150
62,23,168
62,24,81
62,25,140
62,26,115
62,27,68
62,28,166
62,29,132
62,30,83
62,31,120
62,32,77
62,33,16
62,34,139
62,35,145
62,36,71
62,37,120
62,38,63
62,39,32
62,40,100
62,41,92
62,42,145
62,43,47
62,44,122
62,45,108
62,46,125
62,47,61
62,48,32
62,49,71
62,50,198
62,51,38
62,52,44
62,53,137
62,54,93
62,55,129
62,56,10
62,57,103
62,58,95
62,59,167
62,60,130
62,61,45
62,62,131
62,63,143
62,64,97
62,65,66
62,66,48
62,67,104
62,68,38
62,69,55
62,70,75
62,71,81
62,72,82
62,73,36
62,74,109
62,75,52
62,76,72
62,77,76
62,78,83
62,79,121
62,80,71
62,81,24
62,82,141
62,83,98
62,84,106
62,85,101
62,86,97
62,87,105
62,88,41
62,89,101
62,90,103
62,91,88
62,92,153
62,93,52
62,94,171
62,95,59
62,96,91
62,97,150
62,98,84
62,99,122
63,0,57
63,1,30
63,2,33
63,3,128
63,4,90
63,5,101
63,6,52
63,7,80
63,8,109
63,9,68
63,10,109
63,11,79
63,12,126
63,13,80
63,14,153
63,15,39
63,16,92
63,17,150
63,18,87
63,19,131
63,20,44
63,21,104
63,22,122
63,23,192
63,24,25
63,25,110
63,26,67
63,27,148
63,28,52
63,29,79
63,30,56
63,31,104
63,32,20
63,33,35
63,34,177
63,35,123
63,36,79
63,37,75
63,38,68
63,39,83
63,40,127
63,41,87
63,42,96
63,43,124
63,44,42
63,45,86
63,46,156
63,47,50
63,48,171
63,49,80
63,50,36
63,51,82
63,52,136
63,53,141
63,54,109
63,55,126
63,56,9
63,57,114
63,58,162
63,59,171
63,60,131
63,61,63
63,62,122
63,63,119
63,64,158
63,65,82
63,66,48
63,67,47
63,68,42
63,69,74
63,70,155
63,71,45
63,72,103
63,73,145
63,74,189
63,75,129
63,76,118
63,77,171
63,78,58
63,79,46
63,80,37
63,81,105
63,82,123
63,83,121
63,84,26
63,85,57
63,86,139
63,87,99
63,88,119
63,89,135
63,90,49
63,91,42
63,92,68
63,93,164
63,94,104
63,95,134
63,96,85
63,97,99
63,98,106
63,99,98
64,0,191
64,1,123
64,2,18
64,3,144
64,4,71
64,5,131
64,6,140
64,7,123
64,8,122
64,9,129
64,10,129
64,11,76
64,12,126
64,13,170
64,14,50
64,15,90
64,16,86
64,17,116
64,18,104
64,19,23
64,20,114
64,21,88
64,22,137
64,23,128
64,24,89
64,25,117
64,26,17
64,27,97
64,28,99
64,29,87
64,30,114
64,31,181
64,32,120
64,33,104
64,34,178
64,35,108
64,36,5
64,37,164
64,38,75
64,39,154
64,40,117
64,41,48
64,42,134
64,43,118
64,44,152
64,45,72
64,46,121
64,47,102
64,48,145
64,49,163
64,50,172
64,51,159
64,52,108
64,53,96
64,54,120
64,55,132
64,56,95
64,57,95
64,58,21
64,59,66
64,60,76
64,61,71
64,62,123
64,63,89
64,64,126
64,65,24
64,66,118
64,67,102
64,68,72
64,69,117
64,70,14
64,71,50
64,72,196
64,73,73
64,74,141
64,75,53
64,76,40
64,77,8
64,78,127
64,79,22
64,80,96
64,81,149
64,82,42
64,83,122
64,84,129
64,85,45
64,86,46
64,87,146
64,88,99
64,89,118
64,90,111
64,91,34
64,92,127
64,93,142
64,94,90
64,95,163
64,96,106
64,97,75
64,98,134
64,99,146
65,0,136
65,1,97
65,2,116
65,3,62
65,4,84
65,5,49
65,6,93
65,7,125
65,8,26
65,9,165
65,10,180
65,11,141
65,12,92
65,13,162
65,14,79
65,15,126
65,16,153
65,17,88
65,18,94
65,19,81
65,20,100
65,21,43
65,22,38
65,23,139
65,24,124
65,25,100
65,26,77
65,27,190
65,28,117
65,29,48
65,30,189
65,31,108
65,32,42
65,33,123
65,34,99
65,35,137
65,36,96
65,37,52
65,38,6
65,39,95
65,40,67
65,41,132
65,42,56
65,43,108
65,44,140
65,45,93
65,46,184
65,47,91
65,48,107
65,49,97
65,50,103
65,51,149
65,52,54
65,53,91
65,54,118
65,55,168
65,56,83
65,57,137
65,58,128
65,59,94
65,60,77
65,61,160
65,62,43
65,63,110
65,64,107
65,65,140
65,66,98
65,67,85
65,68,105
65,69,94
65,70,37
65,71,166
65,72,139
65,73,126
65,74,85
65,75,43
65,76,54
65,77,99
65,78,128
65,79,114
65,80,127
65,81,89
65,82,105
65,83,107
65,84,21
65,85,132
65,86,89
65,87,148
65,88,105
65,89,21
65,90,75
65,91,61
65,92,75
65,93,99
65,94,145
65,95,75
65,96,112
65,97,55
65,98,140
65,99,96
66,0,47
66,1,34
66,2,136
66,3,46
66,4,172
66,5,10
66,6,140
66,7,94
66,8,31
66,9,149
66,10,45
66,11,112
66,12,140
66,13,134
66,14,109
66,15,176
66,16,98
66,17,102
66,18,121
66,19,156
66,20,159
66,21,82
66,22,152
66,23,121
66,24,120
66,25,113
66,26,119
66,27,119
66,28,97
66,29,111
66,30,107
66,31,106
66,32,102
66,33,125
66,34,45
66,35,93
66,36,98
66,37,78
66,38,130
66,39,170
66,40,90
66,41,121
66,42,109
66,43,78
66,44,151
66,45,30
66,46,29
66,47,76
66,48,51
66,49,71
66,50,75
66,51,72
66,52,49
66,53,51
66,54,28
66,55,119
66,56,74
66,57,68
66,58,195
66,59,43
66,60,13
66,61,125
66,62,127
66,63,67
66,64,125
66,65,103
66,66,123
66,67,162
66,68,92
66,69,148
66,70,137
66,71,123
66,72,33
66,73,27
66,74,182
66,75,159
66,76,114
66,77,105
66,78,85
66,79,141
66,80,94
66,81,56
66,82,57
66,83,106
66,84,87
66,85,80
66,86,54
66,87,82
66,88,156
66,89,84
66,90,165
66,91,95
66,92,102
66,93,101
66,94,79
66,95,59
66,96,91
66,97,86
66,98,63
66,99,85
67,0,96
67,1,98
67,2,37
67,3,53
67,4,149
67,5,64
67,6,129
67,7,30
67,8,44
67,9,69
67,10,63
67,11,194
67,12,157
67,13,172
67,14,99
67,15,79
67,16,113
67,17,118
67,18,76
67,19,90
67,20,117
67,21,181
67,22,112
67,23,135
67,24,47
67,25,80
67,26,129
67,27,117
67,28,124
67,29,64
67,30,68
67,31,112
67,32,108
67,33,114
67,34,85
67,35,92
67,36,127
67,37,55
67,38,122
67,39,118
67,40,160
67,41,55
67,42,81
67,43,132
67,44,164
67,45,33
67,46,45
67,47,184
67,48,47
67,49,107
67,50,53
67,51,140
67,52,51
67,53,133
67,54,99
67,55,107
67,56,139
67,57,88
67,58,55
67,59,80
67,60,125
67,61,153
67,62,140
67,63,106
67,64,51
67,65,37
67,66,92
67,67,76
67,68,106
67,69,33
67,70,131
67,71,84
67,72,183
67,73,94
67,74,47
67,75,67
67,76,70
67,77,103
67,78,54
67,79,119
67,80,156
67,81,73
67,82,106
67,83,143
67,84,169
67,85,78
67,86,136
67,87,132
67,88,41
67,89,19
67,90,42
67,91,114
67,92,113
67,93,136
67,94,117
67,95,46
67,96,108
67,97,70
67,98,161
67,99,123
68,0,159
68,1,90
68,2,39
68,3,126
68,4,82
68,5,39
68,6,136
68,7,145
68,8,92
68,9,47
68,10,88
68,11,55
68,12,111
68,13,88
68,14,35
68,15,131
68,16,120
68,17,119
68,18,106
68,19,71
68,20,100
68,21,154
68,22,68
68,23,119
68,24,109
68,25,62
68,26,31
68,27,197
68,28,76
68,29,40
68,30,146
68,31,93
68,32,111
68,33,111
68,34,72
68,35,27
68,36,33
68,37,58
68,38,136
68,39,96
68,40,73
68,41,76
68,42,25
68,43,13
68,44,174
68,45,180
68,46,107
68,47,146
68,48,70
68,49,132
68,50,105
68,51,21
68,52,96
68,53,39
68,54,96
68,55,81
68,56,12
68,57,128
68,58,75
68,59,40
68,60,102
68,61,66
68,62,108
68,63,72
68,64,138
68,65,175
68,66,73
68,67,125
68,68,127
68,69,67
68,70,86
68,71,107
68,72,57
68,73,35
68,74,52
68,75,96
68,76,80
68,77,77
68,78,76
68,79,111
68,80,137
68,81,175
68,82,117
68,83,104
68,84,97
68,85,88
68,86,154
68,87,84
68,88,112
68,89,171
68,90,115
68,91,71
68,92,148
68,93,181
68,94,92
68,95,153
68,96,64
68,97,187
68,98,82
68,99,85
69,0,27
69,1,67
69,2,47
69,3,64
69,4,45
69,5,103
69,6,19
69,7,131
69,8,49
69,9,73
69,10,92
69,11,141
69,12,123
69,13,87
69,14,81
69,15,44
69,16,104
69,17,112
69,18,136
69,19,120
69,20,106
69,21,77
69,22,39
69,23,87
69,24,16
69,25,88
69,26,56
69,27,84
69,28,167
69,29,83
69,30,41
69,31,23
69,32,98
69,33,39
69,34,179
69,35,89
69,36,125
69,37,76
69,38,100
69,39,45
69,40,144
69,41,91
69,42,67
69,43,112
69,44,141
69,45,153
69,46,107
69,47,85
69,48,127
69,49,131
69,50,188
69,51,110
69,52,96
69,53,69
69,54,142
69,55,74
69,56,149
69,57,46
69,58,118
69,59,55
69,60,23
69,61,128
69,62,135
69,63,121
69,64,64
69,65,94
69,66,106
69,67,31
69,68,137
69,69,103
69,70,62
69,71,66
69,72,31
69,73,74
69,74,25
69,75,52
69,76,106
69,77,86
69,78,95
69,79,116
69,80,65
69,81,53
69,82,46
69,83,123
69,84,131
69,85,96
69,86,48
69,87,113
69,88,115
69,89,30
69,90,112
69,91,164
69,92,183
69,93,96
69,94,97
69,95,112
69,96,89
69,97,70
69,98,45
69,99,62
70,0,178
70,1,127
70,2,103
70,3,109
70,4,67
70,5,96
70,6,56
70,7,37
70,8,50
70,9,128
70,10,141
70,11,85
70,12,50
70,13,65
70,14,70
70,15,133
70,16,156
70,17,124
70,18,152
70,19,198
70,20,65
70,21,92
70,22,62
70,23,113
70,24,99
70,25,164
70,26,64
70,27,20
70,28,118
70,29,146
70,30,149
70,31,74
70,32,99
70,33,110
70,34,92
70,35,123
70,36,83
70,37,91
70,38,76
70,39,88
70,40,103
70,41,50
70,42,102
70,43,46
70,44,102
70,45,71
70,46,43
70,47,131
70,48,67
70,49,81
70,50,148
70,51,145
70,52,53
70,53,89
70,54,118
70,55,114
70,56,135
70,57,106
70,58,79
70,59,174
70,60,86
70,61,16
70,62,111
70,63,126
70,64,100
70,65,57
70,66,26
70,67,90
70,68,82
70,69,43
70,70,106
70,71,68
70,72,73
70,73,77
70,74,138
70,75,108
70,76,151
70,77,119
70,78,22
70,79,42
70,80,129
70,81,88
70,82,120
70,83,98
70,84,33
70,85,135
70,86,158
70,87,70
70,88,133
70,89,64
70,90,97
70,91,171
70,92,152
70,93,146
70,94,131
70,95,119
70,96,35
70,97,113
70,98,147
70,99,113
71,0,81
71,1,98
71,2,98
71,3,79
71,4,84
71,5,88
71,6,132
71,7,33
71,8,59
71,9,150
71,10,72
71,11,122
71,12,99
71,13,102
71,14,93
71,15,159
71,16,38
71,17,55
71,18,163
71,19,161
71,20,102
71,21,179
71,22,83
71,23,101
71,24,113
71,25,104
71,26,133
71,27,84
71,28,146
71,29,197
71,30,111
71,31,105
71,32,176
71,33,39
71,34,68
71,35,120
71,36,70
71,37,87
71,38,104
71,39,35
71,40,124
71,41,58
71,42,179
71,43,96
71,44,27
71,45,165
71,46,109
71,47,123
71,48,138
71,49,47
71,50,41
71,51,139
71,52,81
71,53,106
71,54,121
71,55,124
71,56,108
71,57,22
71,58,91
71,59,140
71,60,143
71,61,110
71,62,46
71,63,153
71,64,155
71,65,72
71,66,84
71,67,108
71,68,113
71,69,113
71,70,83
71,71,103
71,72,139
71,73,98
71,74,174
71,75,139
71,76,111
71,77,78
71,78,141
71,79,183
71,80,82
71,81,164
71,82,136
71,83,100
71,84,174
71,85,146
71,86,145
71,87,64
71,88,32
71,89,79
71,90,85
71,91,122
71,92,80
71,93,19
71,94,55
71,95,135
71,96,140
71,97,80
71,98,162
71,99,53
72,0,31
72,1,129
72,2,99
72,3,91
72,4,18
72,5,83
72,6,169
72,7,98
72,8,171
72,9,110
72,10,78
72,11,189
72,12,137
72,13,113
72,14,87
72,15,147
72,16,84
72,17,150
72,18,25
72,19,59
72,20,51
72,21,157
72,22,107
72,23,62
72,24,124
72,25,169
72,26,48
72,27,174
72,28,70
72,29,108
72,30,185
72,31,101
72,32,87
72,33,150
72,34,114
72,35,111
72,36,136
72,37,100
72,38,96
72,39,68
72,40,67
72,41,58
72,42,147
72,43,100
72,44,101
72,45,146
72,46,112
72,47,136
72,48,80
72,49,40
72,50,72
72,51,105
72,52,133
72,53,181
72,54,20
72,55,42
72,56,121
72,57,64
72,58,129
72,59,84
72,60,75
72,61,141
72,62,111
72,63,130
72,64,64
72,65,80
72,66,118
72,67,108
72,68,107
72,69,68
72,70,121
72,71,125
72,72,49
72,73,115
72,74,79
72,75,46
72,76,89
72,77,181
72,78,112
72,79,66
72,80,108
72,81,10
72,82,62
72,83,60
72,84,105
72,85,151
72,86,118
72,87,145
72,88,65
72,89,66
72,90,30
72,91,70
72,92,163
72,93,136
72,94,70
72,95,125
72,96,64
72,97,153
72,98,8
72,99,78
73,0,118
73,1,90
73,2,108
73,3,79
73,4,157
73,5,52
73,6,179
73,7,72
73,8,33
73,9,84
73,10,58
73,11,135
73,12,142
73,13,54
73,14,45
73,15,50
73,16,67
73,17,149
73,18,38
73,19,107
73,20,75
73,21,112
73,22,110
73,23,64
73,24,37
73,25,69
73,26,84
73,27,75
73,28,88
73,29,63
73,30,198
73,31,29
73,32,53
73,33,38
73,34,138
73,35,99
73,36,81
73,37,150
73,38,105
73,39,80
73,40,93
73,41,100
73,42,77
73,43,137
73,44,85
73,45,65
73,46,71
73,47,183
73,48,98
73,49,75
73,50,90
73,51,97
73,52,89
73,53,110
73,54,55
73,55,181
73,56,173
73,57,165
73,58,94
73,59,143
73,60,116
73,61,98
73,62,69
73,63,151
73,64,37
73,65,128
73,66,144
73,67,120
73,68,118
73,69,170
73,70,123
73,71,100
73,72,107
73,73,186
73,74,64
73,75,116
73,76,100
73,77,182
73,78,113
73,79,45
73,80,10
73,81,123
73,82,76
73,83,165
73,84,73
73,85,42
73,86,179
73,87,84
73,88,106
73,89,66
73,90,39
73,91,82
73,92,39
73,93,132
73,94,108
73,95,76
73,96,57
73,97,156
73,98,168
73,99,141
74,0,79
74,1,84
74,2,118
74,3,155
74,4,105
74,5,132
74,6,159
74,7,182
74,8,119
74,9,111
74,10,129
74,11,145
74,12,49
74,13,129
74,14,73
74,15,106
74,16,26
74,17,73
74,18,29
74,19,182
74,20,102
74,21,103
74,22,50
74,23,62
74,24,128
74,25,22
74,26,90
74,27,30
74,28,107
74,29,133
74,30,95
74,31,113
74,32,154
74,33,12
74,34,98
74,35,115
74,36,136
74,37,142
74,38,116
74,39,85
74,40,75
74,41,55
74,42,105
74,43,27
74,44,120
74,45,30
74,46,127
74,47,111
74,48,126
74,49,131
74,50,113
74,51,93
74,52,68
74,53,92
74,54,101
74,55,40
74,56,168
74,57,163
74,58,193
74,59,78
74,60,80
74,61,83
74,62,68
74,63,137
74,64,127
74,65,106
74,66,138
74,67,155
74,68,195
74,69,139
74,70,63
74,71,26
74,72,103
74,73,25
74,74,171
74,75,148
74,76,103
74,77,148
74,78,123
74,79,125
74,80,60
74,81,138
74,82,167
74,83,48
74,84,93
74,85,47
74,86,134
74,87,95
74,88,137
74,89,86
74,90,145
74,91,55
74,92,68
74,93,40
74,94,146
74,95,94
74,96,114
74,97,57
74,98,149
74,99,96
75,0,87
75,1,89
75,2,97
75,3,90
75,4,186
75,5,110
75,6,24
75,7,154
75,8,72
75,9,102
75,10,64
75,11,84
75,12,123
75,13,133
75,14,93
75,15,125
75,16,41
75,17,124
75,18,116
75,19,98
75,20,23
75,21,92
75,22,101
75,23,138
75,24,57
75,25,116
75,26,98
75,27,64
75,28,158
75,29,113
75,30,140
75,31,77
75,32,120
75,33,72
75,34,14
75,35,94
75,36,65
75,37,91
75,38,118
75,39,80
75,40,157
75,41,53
75,42,151
75,43,118
75,44,110
75,45,27
75,46,99
75,47,72
75,48,47
75,49,114
75,50,108
75,51,103
75,52,90
75,53,141
75,54,168
75,55,55
75,56,119
75,57,107
75,58,76
75,59,106
75,60,87
75,61,83
75,62,120
75,63,155
75,64,48
75,65,141
75,66,94
75,67,126
75,68,113
75,69,112
75,70,85
75,71,177
75,72,153
75,73,31
75,74,81
75,75,134
75,76,102
75,77,80
75,78,176
75,79,186
75,80,45
75,81,99
75,82,30
75,83,159
75,84,101
75,85,75
75,86,137
75,87,30
75,88,96
75,89,53
75,90,133
75,91,95
75,92,117
75,93,165
75,94,179
75,95,102
75,96,96
75,97,48
75,98,85
75,99,101
76,0,75
76,1,105
76,2,112
76,3,45
76,4,130
76,5,13
76,6,87
76,7,136
76,8,68
76,9,40
76,10,38
76,11,104
76,12,88
76,13,126
76,14,94
76,15,32
76,16,53
76,17,117
76,18,89
76,19,87
76,20,76
76,21,86
76,22,100
76,23,47
76,24,123
76,25,100
76,26,131
76,27,56
76,28,135
76,29,54
76,30,18
76,31,140
76,32,69
76,33,65
76,34,33
76,35,97
76,36,180
76,37,184
76,38,156
76,39,120
76,40,105
76,41,89
76,42,121
76,43,140
76,44,72
76,45,56
76,46,175
76,47,110
76,48,91
76,49,110
76,50,94
76,51,50
76,52,136
76,53,53
76,54,30
76,55,92
76,56,49
76,57,36
76,58,121
76,59,191
76,60,180
76,61,154
76,62,68
76,63,147
76,64,135
76,65,193
76,66,83
76,67,144
76,68,184
76,69,125
76,70,158
76,71,94
76,72,36
76,73,184
76,74,93
76,75,110
76,76,147
76,77,39
76,78,113
76,79,44
76,80,162
76,81,107
76,82,176
76,83,85
76,84,31
76,85,154
76,86,102
76,87,161
76,88,149
76,89,101
76,90,63
76,91,88
76,92,113
76,93,70
76,94,35
76,95,132
76,96,42
76,97,141
76,98,121
76,99,46
77,0,109
77,1,139
77,2,150
77,3,49
77,4,74
77,5,101
77,6,116
77,7,52
77,8,102
77,9,75
77,10,50
77,11,59
77,12,69
77,13,105
77,14,149
77,15,169
77,16,118
77,17,5
77,18,54
77,19,63
77,20,126
77,21,111
77,22,128
77,23,111
77,24,89
77,25,120
77,26,91
77,27,112
77,28,57
77,29,152
77,30,108
77,31,50
77,32,168
77,33,68
77,34,105
77,35,86
77,36,62
77,37,116
77,38,39
77,39,54
77,40,117
77,41,74
77,42,68
77,43,132
77,44,39
77,45,152
77,46,90
77,47,63
77,48,128
77,49,89
77,50,152
77,51,40
77,52,28
77,53,68
77,54,129
77,55,150
77,56,71
77,57,52
77,58,96
77,59,43
77,60,67
77,61,118
77,62,153
77,63,107
77,64,22
77,65,187
77,66,103
77,67,112
77,68,155
77,69,97
77,70,106
77,71,118
77,72,92
77,73,177
77,74,133
77,75,180
77,76,108
77,77,99
77,78,157
77,79,111
77,80,155
77,81,74
77,82,79
77,83,100
77,84,76
77,85,130
77,86,117
77,87,15
77,88,183
77,89,117
77,90,60
77,91,111
77,92,113
77,93,84
77,94,82
77,95,77
77,96,42
77,97,110
77,98,92
77,99,113
78,0,99
78,1,95
78,2,53
78,3,105
78,4,154
78,5,73
78,6,99
78,7,29
78,8,69
78,9,124
78,10,88
78,11,128
78,12,125
78,13,77
78,14,21
78,15,101
78,16,86
78,17,99
78,18,38
78,19,59
78,20,30
78,21,116
78,22,123
78,23,100
78,24,133
78,25,95
78,26,72
78,27,124
78,28,69
78,29,191
78,30,160
78,31,136
78,32,131
78,33,160
78,34,58
78,35,84
78,36,189
78,37,134
78,38,117
78,39,177
78,40,135
78,41,179
78,42,40
78,43,180
78,44,125
78,45,10
78,46,106
78,47,87
78,48,77
78,49,6
78,50,167
78,51,59
78,52,179
78,53,113
78,54,161
78,55,57
78,56,56
78,57,19
78,58,129
78,59,137
78,60,64
78,61,113
78,62,140
78,63,77
78,64,81
78,65,31
78,66,150
78,67,55
78,68,68
78,69,88
78,70,71
78,71,121
78,72,90
78,73,59
78,74,135
78,75,83
78,76,168
78,77,120
78,78,56
78,79,100
78,80,141
78,81,67
78,82,136
78,83,73
78,84,96
78,85,100
78,86,96
78,87,141
78,88,21
78,89,156
78,90,92
78,91,169
78,92,178
78,93,97
78,94,89
78,95,115
78,96,11
78,97,134
78,98,112
78,99,33
79,0,56
79,1,61
79,2,6
79,3,125
79,4,30
79,5,32
79,6,107
79,7,127
79,8,58
79,9,144
79,10,94
79,11,93
79,12,77
79,13,152
79,14,61
79,15,80
79,16,66
79,17,94
79,18,61
79,19,111
79,20,99
79,21,100
79,22,1
79,23,70
79,24,152
79,25,98
79,26,117
79,27,55
79,28,73
79,29,84
79,30,119
79,31,16
79,32,129
79,33,142
79,34,89
79,35,98
79,36,144
79,37,112
79,38,78
79,39,121
79,40,95
79,41,124
79,42,54
79,43,64
79,44,96
79,45,160
79,46,156
79,47,122
79,48,41
79,49,133
79,50,75
79,51,153
79,52,34
79,53,94
79,54,81
79,55,133
79,56,115
79,57,21
79,58,158
79,59,96
79,60,102
79,61,78
79,62,84
79,63,78
79,64,175
79,65,76
79,66,31
79,67,37
79,68,83
79,69,164
79,70,69
79,71,122
79,72,163
79,73,22
79,74,146
79,75,62
79,76,56
79,77,79
79,78,20
79,79,69
79,80,90
79,81,118
79,82,71
79,83,48
79,84,24
79,85,114
79,86,62
79,87,81
79,88,85
79,89,64
79,90,143
79,91,128
79,92,149
79,93,112
79,94,108
79,95,81
79,96,156
79,97,108
79,98,87
79,99,170
80,0,115
80,1,139
80,2,51
80,3,19
80,4,115
80,5,155
80,6,113
80,7,49
80,8,81
80,9,18
80,10,101
80,11,84
80,12,106
80,13,86
80,14,123
80,15,106
80,16,113
80,17,126
80,18,116
80,19,75
80,20,109
80,21,93
80,22,174
80,23,55
80,24,17
80,25,183
80,26,174
80,27,162
80,28,141
80,29,176
80,30,6
80,31,131
80,32,140
80,33,55
80,34,53
80,35,134
80,36,88
80,37,93
80,38,141
80,39,81
80,40,130
80,41,86
80,42,81
80,43,107
80,44,105
80,45,113
80,46,83
80,47,22
80,48,95
80,49,65
80,50,75
80,51,89
80,52,120
80,53,55
80,54,38
80,55,93
80,56,114
80,57,36
80,58,86
80,59,77
80,60,32
80,61,92
80,62,84
80,63,38
80,64,68
80,65,13
80,66,89
80,67,79
80,68,115
80,69,113
80,70,169
80,71,37
80,72,36
80,73,155
80,74,170
80,75,111
80,76,112
80,77,167
80,78,110
80,79,157
80,80,139
80,81,125
80,82,135
80,83,141
80,84,85
80,85,47
80,86,80
80,87,173
80,88,146
80,89,100
80,90,175
80,91,33
80,92,150
80,93,76
80,94,103
80,95,108
80,96,83
80,97,73
80,98,137
80,99,109
81,0,84
81,1,118
81,2,78
81,3,165
81,4,17
81,5,126
81,6,124
81,7,120
81,8,126
81,9,82
81,10,100
81,11,139
81,12,110
81,13,149
81,14,58
81,15,90
81,16,151
81,17,36
81,18,108
81,19,91
81,20,84
81,21,74
81,22,66
81,23,109
81,24,159
81,25,131
81,26,98
81,27,111
81,28,107
81,29,140
81,30,37
81,31,32
81,32,86
81,33,144
81,34,36
81,35,112
81,36,93
81,37,82
81,38,86
81,39,80
81,40,117
81,41,83
81,42,78
81,43,71
81,44,23
81,45,57
81,46,103
81,47,101
81,48,108
81,49,84
81,50,131
81,51,80
81,52,90
81,53,78
81,54,73
81,55,19
81,56,98
81,57,184
81,58,99
81,59,94
81,60,102
81,61,119
81,62,33
81,63,141
81,64,91
81,65,163
81,66,149
81,67,61
81,68,49
81,69,77
81,70,91
81,71,150
81,72,113
81,73,153
81,74,83
81,75,118
81,76,145
81,77,75
81,78,92
81,79,67
81,80,105
81,81,67
81,82,90
81,83,97
81,84,159
81,85,15
81,86,101
81,87,155
81,88,164
81,89,80
81,90,23
81,91,42
81,92,119
81,93,91
81,94,111
81,95,39
81,96,104
81,97,100
81,98,67
81,99,123
82,0,133
82,1,37
82,2,81
82,3,125
82,4,164
82,5,79
82,6,114
82,7,76
82,8,36
82,9,87
82,10,76
82,11,91
82,12,60
82,13,43
82,14,153
82,15,84
82,16,152
82,17,121
82,18,52
82,19,130
82,20,113
82,21,124
82,22,85
82,23,169
82,24,78
82,25,67
82,26,167
82,27,63
82,28,77
82,29,91
82,30,136
82,31,118
82,32,88
82,33,138
82,34,13
82,35,123
82,36,96
82,37,93
82,38,131
82,39,55
82,40,64
82,41,151
82,42,87
82,43,135
82,44,87
82,45,131
82,46,75
82,47,92
82,48,99
82,49,57
82,50,99
82,51,89
82,52,134
82,53,52
82,54,136
82,55,90
82,56,161
82,57,167
82,58,147
82,59,50
82,60,97
82,61,91
82,62,112
82,63,118
82,64,144
82,65,58
82,66,60
82,67,110
82,68,158
82,69,122
82,70,61
82,71,87
82,72,112
82,73,100
82,74,40
82,75,136
82,76,117
82,77,89
82,78,83
82,79,138
82,80,119
82,81,95
82,82,104
82,83,32
82,84,79
82,85,109
82,86,94
82,87,102
82,88,59
82,89,156
82,90,97
82,91,141
82,92,97
82,93,82
82,94,103
82,95,138
82,96,63
82,97,36
82,98,107
82,99,120
83,0,46
83,1,99
83,2,49
83,3,122
83,4,92
83,5,129
83,6,63
83,7,119
83,8,39
83,9,110
83,10,99
83,11,151
83,12,120
83,13,147
83,14,89
83,15,72
83,16,105
83,17,105
83,18,143
83,19,57
83,20,115
83,21,117
83,22,121
83,23,93
83,24,116
83,25,95
83,26,30
83,27,123
83,28,114
83,29,131
83,30,88
83,31,128
83,32,167
83,33,141
83,34,123
83,35,129
83,36,84
83,37,91
83,38,93
83,39,103
83,40,106
83,41,92
83,42,93
83,43,139
83,44,66
83,45,150
83,46,136
83,47,43
83,48,98
83,49,152
83,50,66
83,51,69
83,52,70
83,53,60
83,54,54
83,55,18
83,56,170
83,57,94
83,58,106
83,59,126
83,60,152
83,61,55
83,62,86
83,63,58
83,64,91
83,65,178
83,66,99
83,67,71
83,68,101
83,69,118
83,70,71
83,71,96
83,72,97
83,73,89
83,74,79
83,75,107
83,76,123
83,77,116
83,78,189
83,79,160
83,80,124
83,81,102
83,82,153
83,83,56
83,84,71
83,85,87
83,86,48
83,87,136
83,88,100
83,89,114
83,90,160
83,91,140
83,92,109
83,93,33
83,94,109
83,95,95
83,96,88
83,97,183
83,98,135
83,99,173
84,0,27
84,1,85
84,2,124
84,3,154
84,4,60
84,5,119
84,6,141
84,7,141
84,8,109
84,9,68
84,10,168
84,11,159
84,12,82
84,13,117
84,14,37
84,15,96
84,16,142
84,17,88
84,18,69
84,19,104
84,20,60
84,21,89
84,22,168
84,23,120
84,24,146
84,25,91
84,26,119
84,27,114
84,28,106
84,29,196
84,30,87
84,31,36
84,32,105
84,33,124
84,34,107
84,35,93
84,36,46
84,37,132
84,38,96
84,39,61
84,40,74
84,41,30
84,42,127
84,43,121
84,44,49
84,45,96
84,46,95
84,47,117
84,48,189
84,49,159
84,50,83
84,51,135
84,52,54
84,53,58
84,54,45
84,55,82
84,56,30
84,57,149
84,58,93
84,59,92
84,60,102
84,61,170
84,62,149
84,63,86
84,64,136
84,65,76
84,66,74
84,67,50
84,68,126
84,69,59
84,70,102
84,71,109
84,72,96
84,73,59
84,74,173
84,75,190
84,76,106
84,77,183
84,78,115
84,79,160
84,80,95
84,81,4
84,82,90
84,83,54
84,84,31
84,85,159
84,86,108
84,87,38
84,88,135
84,89,113
84,90,84
84,91,75
84,92,80
84,93,57
84,94,130
84,95,133
84,96,133
84,97,48
84,98,55
84,99,96
85,0,104
85,1,102
85,2,146
85,3,87
85,4,49
85,5,148
85,6,4
85,7,88
85,8,110
85,9,127
85,10,160
85,11,55
85,12,134
85,13,48
85,14,76
85,15,167
85,16,172
85,17,50
85,18,68
85,19,69
85,20,123
85,21,82
85,22,171
85,23,113
85,24,40
85,25,69
85,26,127
85,27,125
85,28,170
85,29,148
85,30,94
85,31,86
85,32,70
85,33,169
85,34,108
85,35,163
85,36,45
85,37,12
85,38,36
85,39,69
85,40,100
85,41,130
85,42,136
85,43,58
85,44,11
85,45,102
85,46,79
85,47,116
85,48,54
85,49,82
85,50,140
85,51,82
85,52,65
85,53,113
85,54,145
85,55,82
85,56,86
85,57,104
85,58,136
85,59,85
85,60,78
85,61,93
85,62,36
85,63,84
85,64,175
85,65,86
85,66,81
85,67,125
85,68,145
85,69,166
85,70,98
85,71,108
85,72,99
85,73,111
85,74,90
85,75,64
85,76,78
85,77,124
85,78,145
85,79,113
85,80,84
85,81,152
85,82,74
85,83,141
85,84,101
85,85,151
85,86,53
85,87,117
85,88,70
85,89,89
85,90,78
85,91,115
85,92,196
85,93,77
85,94,73
85,95,27
85,96,174
85,97,47
85,98,183
85,99,136
86,0,92
86,1,26
86,2,88
86,3,112
86,4,112
86,5,94
86,6,106
86,7,48
86,8,117
86,9,62
86,10,23
86,11,78
86,12,108
86,13,94
86,14,124
86,15,133
86,16,108
86,17,144
86,18,140
86,19,139
86,20,111
86,21,121
86,22,101
86,23,100
86,24,33
86,25,148
86,26,33
86,27,98
86,28,174
86,29,195
86,30,160
86,31,180
86,32,97
86,33,101
86,34,62
86,35,114
86,36,167
86,37,103
86,38,147
86,39,138
86,40,75
86,41,139
86,42,100
86,43,101
86,44,66
86,45,78
86,46,101
86,47,96
86,48,88
86,49,85
86,50,124
86,51,25
86,52,157
86,53,41
86,54,160
86,55,84
86,56,93
86,57,108
86,58,95
86,59,82
86,60,149
86,61,170
86,62,135
86,63,122
86,64,91
86,65,126
86,66,92
86,67,22
86,68,24
86,69,41
86,70,59
86,71,104
86,72,97
86,73,152
86,74,109
86,75,68
86,76,19
86,77,108
86,78,92
86,79,65
86,80,77
86,81,150
86,82,4
86,83,102
86,84,126
86,85,67
86,86,103
86,87,165
86,88,80
86,89,158
86,90,37
86,91,160
86,92,143
86,93,138
86,94,57
86,95,47
86,96,68
86,97,69
86,98,101
86,99,174
87,0,105
87,1,74
87,2,94
87,3,124
87,4,61
87,5,34
87,6,14
87,7,93
87,8,133
87,9,35
87,10,87
87,11,19
87,12,126
87,13,135
87,14,41
87,15,118
87,16,36
87,17,158
87,18,127
87,19,101
87,20,86
87,21,71
87,22,158
87,23,126
87,24,190
87,25,13
87,26,147
87,27,91
87,28,102
87,29,110
87,30,116
87,31,72
87,32,82
87,33,148
87,34,137
87,35,142
87,36,102
87,37,110
87,38,70
87,39,160
87,40,76
87,41,148
87,42,54
87,43,105
87,44,84
87,45,101
87,46,132
87,47,66
87,48,80
87,49,154
87,50,80
87,51,112
87,52,96
87,53,60
87,54,187
87,55,155
87,56,161
87,57,114
87,58,125
87,59,77
87,60,52
87,61,98
87,62,77
87,63,158
87,64,126
87,65,174
87,66,100
87,67,111
87,68,143
87,69,163
87,70,112
87,71,89
87,72,128
87,73,64
87,74,103
87,75,97
87,76,63
87,77,34
87,78,8
87,79,73
87,80,30
87,81,56
87,82,61
87,83,77
87,84,99
87,85,147
87,86,24
87,87,120
87,88,74
87,89,152
87,90,151
87,91,119
87,92,96
87,93,188
87,94,95
87,95,107
87,96,98
87,97,101
87,98,66
87,99,56
88,0,29
88,1,154
88,2,96
88,3,46
88,4,191
88,5,138
88,6,125
88,7,83
88,8,129
88,9,118
88,10,52
88,11,66
88,12,116
88,13,165
88,14,80
88,15,170
88,16,55
88,17,110
88,18,156
88,19,96
88,20,111
88,21,61
88,22,102
88,23,113
88,24,36
88,25,123
88,26,109
88,27,94
88,28,132
88,29,151
88,30,147
88,31,78
88,32,15
88,33,152
88,34,78
88,35,142
88,36,183
88,37,147
88,38,116
88,39,63
88,40,62
88,41,135
88,42,103
88,43,166
88,44,120
88,45,97
88,46,87
88,47,63
88,48,163
88,49,94
88,50,122
88,51,33
88,52,99
88,53,168
88,54,52
88,55,106
88,56,25
88,57,94
88,58,152
88,59,72
88,60,64
88,61,110
88,62,42
88,63,92
88,64,86
88,65,78
88,66,161
88,67,134
88,68,126
88,69,116
88,70,15
88,71,142
88,72,61
88,73,142
88,74,40
88,75,131
88,76,127
88,77,122
88,78,75
88,79,83
88,80,128
88,81,133
88,82,146
88,83,88
88,84,139
88,85,128
88,86,32
88,87,43
88,88,135
88,89,92
88,90,78
88,91,135
88,92,16
88,93,43
88,94,92
88,95,27
88,96,174
88,97,101
88,98,155
88,99,85
89,0,160
89,1,95
89,2,116
89,3,49
89,4,95
89,5,163
89,6,110
89,7,128
89,8,63
89,9,65
89,10,97
89,11,49
89,12,52
89,13,97
89,14,136
89,15,105
89,16,95
89,17,43
89,18,118
89,19,98
89,20,9
89,21,99
89,22,126
89,23,152
89,24,86
89,25,106
89,26,100
89,27,158
89,28,160
89,29,104
89,30,96
89,31,70
89,32,49
89,33,46
89,34,64
89,35,101
89,36,174
89,37,125
89,38,82
89,39,106
89,40,64
89,41,146
89,42,160
89,43,118
89,44,72
89,45,32
89,46,23
89,47,132
89,48,179
89,49,81
89,50,90
89,51,28
89,52,80
89,53,55
89,54,178
89,55,124
89,56,160
89,57,87
89,58,167
89,59,122
89,60,49
89,61,151
89,62,111
89,63,145
89,64,175
89,65,132
89,66,16
89,67,133
89,68,79
89,69,127
89,70,151
89,71,75
89,72,108
89,73,41
89,74,59
89,75,112
89,76,68
89,77,41
89,78,101
89,79,72
89,80,117
89,81,99
89,82,87
89,83,89
89,84,56
89,85,117
89,86,79
89,87,21
89,88,32
89,89,86
89,90,129
89,91,114
89,92,157
89,93,73
89,94,144
89,95,108
89,96,78
89,97,84
89,98,94
89,99,149
90,0,168
90,1,82
90,2,98
90,3,89
90,4,88
90,5,75
90,6,113
90,7,142
90,8,57
90,9,80
90,10,136
90,11,139
90,12,94
90,13,15
90,14,43
90,15,126
90,16,128
90,17,101
90,18,88
90,19,150
90,20,137
90,21,125
90,22,80
90,23,101
90,24,132
90,25,138
90,26,145
90,27,49
90,28,112
90,29,80
90,30,166
90,31,15
90,32,74
90,33,164
90,34,169
90,35,8
90,36,123
90,37,73
90,38,124
90,39,90
90,40,155
90,41,152
90,42,68
90,43,158
90,44,92
90,45,150
90,46,143
90,47,117
90,48,125
90,49,107
90,50,104
90,51,123
90,52,141
90,53,131
90,54,27
90,55,85
90,56,117
90,57,140
90,58,154
90,59,77
90,60,157
90,61,123
90,62,153
90,63,44
90,64,100
90,65,55
90,66,153
90,67,177
90,68,120
90,69,97
90,70,129
90,71,57
90,72,75
90,73,138
90,74,107
90,75,117
90,76,84
90,77,81
90,78,71
90,79,97
90,80,52
90,81,122
90,82,95
90,83,105
90,84,53
90,85,182
90,86,116
90,87,78
90,88,61
90,89,137
90,90,84
90,91,150
90,92,15
90,93,130
90,94,151
90,95,99
90,96,48
90,97,77
90,98,40
90,99,81
91,0,47
91,1,95
91,2,54
91,3,180
91,4,111
91,5,72
91,6,58
91,7,106
91,8,95
91,9,149
91,10,73
91,11,55
91,12,70
91,13,96
91,14,54
91,15,122
91,16,96
91,17,24
91,18,116
91,19,70
91,20,139
91,21,126
91,22,121
91,23,39
91,24,166
91,25,84
91,26,131
91,27,128
91,28,195
91,29,59
91,30,111
91,31,64
91,32,83
91,33,124
91,34,12
91,35,101
91,36,118
91,37,47
91,38,110
91,39,75
91,40,133
91,41,63
91,42,178
91,43,34
91,44,64
91,45,77
91,46,143
91,47,91
91,48,116
91,49,28
91,50,114
91,51,86
91,52,161
91,53,75
91,54,68
91,55,103
91,56,62
91,57,169
91,58,164
91,59,75
91,60,93
91,61,123
91,62,109
91,63,132
91,64,113
91,65,106
91,66,58
91,67,115
91,68,173
91,69,82
91,70,135
91,71,137
91,72,194
91,73,134
91,74,92
91,75,76
91,76,82
91,77,104
91,78,58
91,79,29
91,80,126
91,81,27
91,82,79
91,83,71
91,84,156
91,85,136
91,86,104
91,87,88
91,88,16
91,89,81
91,90,70
91,91,111
91,92,98
91,93,144
91,94,89
91,95,145
91,96,74
91,97,163
91,98,128
91,99,141
92,0,65
92,1,142
92,2,74
92,3,19
92,4,131
92,5,96
92,6,77
92,7,108
92,8,178
92,9,95
92,10,107
92,11,166
92,12,91
92,13,154
92,14,38
92,15,106
92,16,107
92,17,104
92,18,82
92,19,11
92,20,174
92,21,112
92,22,136
92,23,99
92,24,102
92,25,120
92,26,150
92,27,96
92,28,38
92,29,123
92,30,66
92,31,137
92,32,44
92,33,10
92,34,149
92,35,82
92,36,69
92,37,136
92,38,99
92,39,110
92,40,130
92,41,59
92,42,23
92,43,126
92,44,40
92,45,155
92,46,120
92,47,86
92,48,150
92,49,134
92,50,155
92,51,104
92,52,79
92,53,140
92,54,113
92,55,95
92,56,96
92,57,176
92,58,87
92,59,123
92,60,169
92,61,170
92,62,175
92,63,121
92,64,91
92,65,143
92,66,53
92,67,17
92,68,22
92,69,171
92,70,74
92,71,98
92,72,80
92,73,38
92,74,107
92,75,97
92,76,167
92,77,162
92,78,162
92,79,90
92,80,62
92,81,156
92,82,70
92,83,85
92,84,144
92,85,108
92,86,73
92,87,65
92,88,120
92,89,20
92,90,107
92,91,66
92,92,74
92,93,120
92,94,100
92,95,113
92,96,87
92,97,135
92,98,60
92,99,10
93,0,27
93,1,3
93,2,67
93,3,85
93,4,87
93,5,157
93,6,126
93,7,108
93,8,146
93,9,97
93,10,130
93,11,167
93,12,30
93,13,133
93,14,106
93,15,77
93,16,121
93,17,132
93,18,135
93,19,54
93,20,128
93,21,150
93,22,120
93,23,160
93,24,94
93,25,78
93,26,129
93,27,110
93,28,43
93,29,187
93,30,153
93,31,61
93,32,126
93,33,87
93,34,162
93,35,87
93,36,92
93,37,116
93,38,137
93,39,156
93,40,78
93,41,120
93,42,109
93,43,146
93,44,14
93,45,50
93,46,116
93,47,84
93,48,119
93,49,142
93,50,28
93,51,94
93,52,189
93,53,98
93,54,75
93,55,83
93,56,83
93,57,118
93,58,103
93,59,72
93,60,109
93,61,90
93,62,99
93,63,125
93,64,97
93,65,103
93,66,58
93,67,112
93,68,149
93,69,42
93,70,44
93,71,159
93,72,22
93,73,86
93,74,58
93,75,154
93,76,123
93,77,169
93,78,39
93,79,108
93,80,112
93,81,163
93,82,66
93,83,164
93,84,20
93,85,134
93,86,61
93,87,127
93,88,69
93,89,155
93,90,75
93,91,133
93,92,110
93,93,148
93,94,31
93,95,116
93,96,71
93,97,106
93,98,96
93,99,151
94,0,81
94,1,41
94,2,57
94,3,62
94,4,114
94,5,67
94,6,136
94,7,82
94,8,168
94,9,120
94,10,159
94,11,140
94,12,87
94,13,73
94,14,54
94,15,20
94,16,46
94,17,123
94,18,156
94,19,131
94,20,26
94,21,129
94,22,97
94,23,60
94,24,78
94,25,142
94,26,111
94,27,82
94,28,72
94,29,115
94,30,139
94,31,110
94,32,18
94,33,87
94,34,52
94,35,152
94,36,119
94,37,105
94,38,100
94,39,142
94,40,46
94,41,179
94,42,145
94,43,101
94,44,47
94,45,43
94,46,71
94,47,41
94,48,101
94,49,104
94,50,115
94,51,88
94,52,31
94,53,171
94,54,50
94,55,81
94,56,177
94,57,157
94,58,74
94,59,111
94,60,94
94,61,104
94,62,58
94,63,29
94,64,59
94,65,43
94,66,119
94,67,98
94,68,20
94,69,30
94,70,149
94,71,90
94,72,107
94,73,97
94,74,20
94,75,158
94,76,118
94,77,120
94,78,26
94,79,103
94,80,81
94,81,61
94,82,71
94,83,105
94,84,35
94,85,130
94,86,176
94,87,99
94,88,125
94,89,71
94,90,53
94,91,76
94,92,73
94,93,91
94,94,165
94,95,55
94,96,167
94,97,78
94,98,124
94,99,53
95,0,62
95,1,89
95,2,135
95,3,77
95,4,45
95,5,75
95,6,111
95,7,72
95,8,175
95,9,85
95,10,56
95,11,72
95,12,137
95,13,138
95,14,106
95,15,120
95,16,104
95,17,113
95,18,93
95,19,32
95,20,87
95,21,111
95,22,64
95,23,147
95,24,97
95,25,107
95,26,125
95,27,4
95,28,101
95,29,100
95,30,93
95,31,86
95,32,36
95,33,120
95,34,106
95,35,57
95,36,52
95,37,107
95,38,90
95,39,110
95,40,91
95,41,118
95,42,143
95,43,113
95,44,108
95,45,49
95,46,145
95,47,110
95,48,92
95,49,73
95,50,56
95,51,124
95,52,39
95,53,143
95,54,94
95,55,162
95,56,97
95,57,131
95,58,150
95,59,99
95,60,84
95,61,64
95,62,188
95,63,122
95,64,147
95,65,74
95,66,134
95,67,195
95,68,28
95,69,68
95,70,63
95,71,73
95,72,129
95,73,183
95,74,123
95,75,176
95,76,127
95,77,180
95,78,35
95,79,82
95,80,105
95,81,186
95,82,109
95,83,64
95,84,92
95,85,29
95,86,90
95,87,132
95,88,152
95,89,88
95,90,75
95,91,110
95,92,95
95,93,125
95,94,53
95,95,157
95,96,173
95,97,110
95,98,66
95,99,44
96,0,158
96,1,30
96,2,124
96,3,84
96,4,98
96,5,91
96,6,102
96,7,116
96,8,126
96,9,111
96,10,117
96,11,124
96,12,63
96,13,139
96,14,104
96,15,78
96,16,134
96,17,107
96,18,100
96,19,113
96,20,90
96,21,31
96,22,97
96,23,160
96,24,75
96,25,85
96,26,119
96,27,71
96,28,15
96,29,63
96,30,122
96,31,13
96,32,109
96,33,103
96,34,110
96,35,78
96,36,64
96,37,30
96,38,78
96,39,37
96,40,104
96,41,128
96,42,81
96,43,63
96,44,175
96,45,57
96,46,108
96,47,55
96,48,129
96,49,130
96,50,14
96,51,98
96,52,87
96,53,48
96,54,122
96,55,32
96,56,178
96,57,100
96,58,63
96,59,159
96,60,22
96,61,136
96,62,117
96,63,129
96,64,31
96,65,58
96,66,146
96,67,164
96,68,72
96,69,200
96,70,83
96,71,120
96,72,79
96,73,123
96,74,164
96,75,43
96,76,71
96,77,111
96,78,168
96,79,88
96,80,160
96,81,68
96,82,132
96,83,65
96,84,75
96,85,95
96,86,131
96,87,140
96,88,110
96,89,43
96,90,98
96,91,160
96,92,82
96,93,69
96,94,10
96,95,160
96,96,94
96,97,110
96,98,78
96,99,13
97,0,109
97,1,114
97,2,104
97,3,102
97,4,118
97,5,150
97,6,109
97,7,171
97,8,102
97,9,81
97,10,105
97,11,75
97,12,129
97,13,101
97,14,89
97,15,132
97,16,37
97,17,71
97,18,127
97,19,91
97,20,116
97,21,149
97,22,127
97,23,64
97,24,103
97,25,97
97,26,139
97,27,118
97,28,98
97,29,116
97,30,123
97,31,19
97,32,35
97,33,183
97,34,169
97,35,78
97,36,68
97,37,40
97,38,125
97,39,98
97,40,128
97,41,71
97,42,39
97,43,36
97,44,87
97,45,96
97,46,135
97,47,87
97,48,182
97,49,156
97,50,86
97,51,171
97,52,37
97,53,39
97,54,109
97,55,132
97,56,154
97,57,158
97,58,32
97,59,61
97,60,67
97,61,87
97,62,60
97,63,140
97,64,51
97,65,150
97,66,28
97,67,188
97,68,16
97,69,129
97,70,173
97,71,32
97,72,146
97,73,115
97,74,138
97,75,123
97,76,99
97,77,137
97,78,55
97,79,35
97,80,88
97,81,53
97,82,141
97,83,166
97,84,131
97,85,58
97,86,14
97,87,73
97,88,50
97,89,104
97,90,91
97,91,80
97,92,72
97,93,117
97,94,168
97,95,124
97,96,138
97,97,160
97,98,65
97,99,57
98,0,104
98,1,87
98,2,91
98,3,82
98,4,182
98,5,75
98,6,86
98,7,140
98,8,84
98,9,78
98,10,170
98,11,94
98,12,169
98,13,154
98,14,90
98,15,128
98,16,62
98,17,101
98,18,39
98,19,62
98,20,60
98,21,146
98,22,115
98,23,62
98,24,106
98,25,158
98,26,97
98,27,114
98,28,89
98,29,54
98,30,78
98,31,17
98,32,120
98,33,78
98,34,100
98,35,63
98,36,146
98,37,76
98,38,136
98,39,94
98,40,41
98,41,93
98,42,116
98,43,81
98,44,75
98,45,115
98,46,88
98,47,39
98,48,106
98,49,20
98,50,15
98,51,50
98,52,99
98,53,86
98,54,82
98,55,81
98,56,121
98,57,163
98,58,114
98,59,19
98,60,122
98,61,38
98,62,178
98,63,96
98,64,171
98,65,65
98,66,153
98,67,86
98,68,99
98,69,61
98,70,158
98,71,41
98,72,117
98,73,37
98,74,92
98,75,109
98,76,58
98,77,164
98,78,133
98,79,60
98,80,57
98,81,144
98,82,103
98,83,105
98,84,104
98,85,54
98,86,129
98,87,165
98,88,115
98,89,75
98,90,145
98,91,142
98,92,29
98,93,89
98,94,157
98,95,116
98,96,51
98,97,136
98,98,71
98,99,138
99,0,73
99,1,70
99,2,89
99,3,122
99,4,96
99,5,118
99,6,127
99,7,106
99,8,98
99,9,133
99,10,23
99,11,173
99,12,88
99,13,156
99,14,95
99,15,77
99,16,131
99,17,121
99,18,89
99,19,137
99,20,103
99,21,78
99,22,89
99,23,58
99,24,89
99,25,146
99,26,36
99,27,53
99,28,62
99,29,68
99,30,146
99,31,42
99,32,129
99,33,160
99,34,57
99,35,104
99,36,166
99,37,62
99,38,92
99,39,112
99,40,14
99,41,48
99,42,87
99,43,70
99,44,143
99,45,53
99,46,190
99,47,142
99,48,115
99,49,88
99,50,140
99,51,182
99,52,118
99,53,46
99,54,31
99,55,80
99,56,61
99,57,125
99,58,58
99,59,118
99,60,174
99,61,28
99,62,173
99,63,118
99,64,70
99,65,91
99,66,39
99,67,108
99,68,84
99,69,116
99,70,128
99,71,63
99,72,96
99,73,158
99,74,118
99,75,85
99,76,94
99,77,70
99,78,124
99,79,56
99,80,69
99,81,149
99,82,89
99,83,91
99,84,148
99,85,60
99,86,141
99,87,172
99,88,106
99,89,69
99,90,44
99,91,90
99,92,163
99,93,92
99,94,72
99,95,100
99,96,120
99,97,110
99,98,11
99,99,151
