0	0
1	8949223
2	10287229
3	49162436
4	11689742
5	4944441
6	10660484
7	8921640
8	2166181
9	568748
10	823167
11	331087
12	381893
13	363792
14	365726
15	250713
16	407026
17	173568
18	247105
19	420667
20	252493
21	112732
22	119122
23	96989
24	156138
25	82542
26	106180
27	70236
28	90205
29	56564
30	138049
31	47842
32	67085
33	38038
34	46473
35	31011
36	45168
37	26612
38	36518
39	29459
40	60879
41	20502
42	32414
43	19034
44	26119
45	23124
46	24075
47	20827
48	33190
49	20318
50	29320
51	17993
52	18079
53	9881
54	17828
55	9929
56	16912
57	9843
58	13294
59	15846
60	19958
61	8014
62	8949
63	10019
64	20929
65	15331
66	10730
67	10475
68	9090
69	6074
70	11404
71	6539
72	10396
73	4743
74	8726
75	6003
76	6571
77	4785
78	7726
79	7342
80	10359
81	5023
82	5645
83	3998
84	6922
85	4293
86	4774
87	4267
88	6691
89	3901
90	7575
91	3715
92	5243
93	3749
94	4169
95	3561
96	5931
97	3487
98	5415
99	3879
100	5665
101	10520
102	4670
103	2899
104	4397
105	3441
106	3553
107	2749
108	4163
109	2868
110	4309
111	2948
112	3509
