1803	2
1805	3
1806	74
1808	1
1810	4
1811	5
1812	9
1813	4
1814	2
1815	5
1816	1
1817	2
1818	7
1819	1
1820	19
1821	2
1822	2
1823	1
1824	4
1825	5
1826	4
1827	2
1828	5
1829	1
1830	6
1831	3
1832	2
1833	5
1834	23
1835	3
1836	5
1837	3
1838	2
1840	6
1841	2
1842	2
1843	1
1844	3
1845	3
1846	1
1847	2
1848	9
1849	1
1850	4
1852	4
1853	1
1854	1
1855	1
1856	1
1858	1
1860	2
1861	2
1862	27
1863	2
1864	2
1865	1
1867	1
1868	4
1869	1
1870	7
1872	3
1873	4
1874	2
1875	3
1876	11
1877	5
1878	5
1880	2
1881	1
1882	3
1883	2
1884	4
1885	2
1886	4
1887	2
1888	3
1889	3
1890	25
1891	11
1892	5
1893	2
1894	3
1895	1
1896	1
1897	4
1898	3
1899	3
1900	4
1901	3
1902	5
1903	3
1904	1
1905	1
1907	1
1908	3
1909	3
1910	4
1911	3
1912	1
1913	5
1914	2
1915	3
1916	2
1917	3
1918	4
1919	3
1920	5
1922	1
1923	2
1924	3
1928	2
1929	4
1930	1
1932	30
1934	1
1935	1
1936	2
1937	4
1938	4
1939	2
1940	2
1941	4
1942	4
1943	1
1944	5
1945	1
