1445	6
1446	5
1447	4
1448	4
1449	2
1450	2
1451	3
1452	11
1454	5
1455	7
1456	15
1457	3
1458	7
1460	5
1461	4
1462	8
1463	7
1464	8
1465	5
1466	1
1467	5
1468	4
1469	1
1470	50
1471	1
1472	5
1473	3
1474	6
1475	3
1476	10
1477	7
1478	4
1479	3
1480	6
1481	2
1482	5
1483	3
1484	36
1485	6
1486	1
1487	3
1488	8
1489	1
1490	3
1491	6
1492	5
1493	4
1494	8
1495	8
1496	10
1497	1
1498	22
1499	7
1500	4
1501	8
1502	4
1503	1
1504	4
1505	1
1506	3
1507	3
1508	4
1509	2
1510	3
1511	2
1512	39
1513	2
1514	2
1515	8
1516	2
1517	1
1518	10
1519	3
1520	5
1521	3
1522	1
1523	2
1524	2
1525	2
1526	30
1527	5
1528	3
1529	1
1530	4
1531	1
1532	4
1533	3
1534	5
1535	6
1536	4
1537	10
1538	2
1539	4
1540	35
1541	6
1542	5
1543	2
1544	3
1545	4
1546	4
1547	3
1548	3
1549	7
1550	5
1551	2
1552	5
1553	4
1554	38
1555	7
1556	9
1557	3
1558	9
1559	2
1560	6
1561	4
1562	6
1563	3
1564	3
1565	4
1566	2
