3021	1
3022	1
3024	1
3027	3
3029	3
3030	2
3036	2
3039	2
3040	2
3042	1
3043	2
3045	2
3047	2
3048	2
3049	1
3052	3
3053	1
3058	3
3059	1
3060	1
3062	2
3063	1
3066	1
3075	3
3080	3
3082	1
3083	2
3086	1
3087	2
3089	1
3090	1
3092	1
3098	1
3101	2
3104	1
3105	1
3111	1
3114	1
3116	2
3117	1
3118	1
3119	2
3120	4
3122	2
3124	2
3129	1
3130	1
3132	2
3134	1
3136	1
3139	1
3141	1
3145	1
3151	1
3152	2
3156	4
3157	1
3169	2
3172	1
3173	1
3177	1
3180	2
3182	1
3183	1
3186	2
3192	1
3195	1
3197	2
3198	5
3199	1
3200	1
3201	3
3202	3
3209	1
3211	2
3215	1
3218	1
3220	1
3224	3
3230	2
3233	1
3234	2
3237	1
3239	1
3240	1
3245	1
3246	2
3250	2
3256	1
3258	1
3260	1
3263	2
3264	2
3268	1
3270	1
3272	1
3276	2
3277	1
3278	1
3279	2
3280	3
3282	2
3283	1
3285	1
3287	1
3290	2
3291	1
3297	2
3298	1
3299	1
3300	1
3302	2
3304	1
3307	1
3308	2
