113	2471
114	3436
115	2615
116	2852
117	2893
118	3038
119	2322
120	4501
121	2307
122	2976
123	2410
124	2706
125	2307
126	2732
127	2191
128	3011
129	2366
130	3002
131	1966
132	2687
133	1960
134	2086
135	11050
136	19319
137	55205
138	102040
139	21946
140	11453
141	1983
142	1804
143	1736
144	2552
145	1729
146	1846
147	1764
148	2015
149	1630
150	2420
151	1523
152	1905
153	1648
154	1982
155	1587
156	1931
157	1570
158	1771
159	1623
160	2199
161	3056
162	4854
163	5633
164	12937
165	85428
166	152635
167	24441
168	54389
169	61612
170	116074
171	67569
172	76968
173	160975
174	151880
175	155352
176	111114
177	206490
178	108448
179	23565
180	166393
181	440585
182	282012
183	60960
184	3022
185	1127
186	1332
187	1122
188	1264
189	1181
190	1329
191	1041
192	1515
193	988
194	1070
195	1174
196	1139
197	986
198	1228
199	1010
200	1269
201	1109
202	986
203	896
204	1257
205	910
206	915
207	1025
208	1062
209	907
210	1317
211	822
212	844
213	892
214	866
215	812
216	1018
217	747
218	844
219	875
220	871
221	766
222	893
223	683
224	896
225	873
