1684	6
1685	2
1686	7
1687	1
1688	1
1689	2
1690	6
1691	2
1692	9
1693	3
1694	10
1695	1
1696	4
1697	5
1698	4
1699	3
1700	9
1701	6
1702	7
1703	3
1704	1
1705	5
1707	3
1708	28
1709	3
1710	3
1711	3
1712	5
1713	1
1714	3
1716	4
1717	6
1718	3
1719	2
1720	2
1721	4
1722	22
1723	1
1724	1
1725	4
1726	3
1727	3
1728	4
1729	2
1730	9
1732	5
1733	7
1734	4
1735	2
1736	138
1737	6
1738	2
1739	3
1740	5
1741	4
1742	3
1743	2
1744	7
1745	1
1746	2
1747	7
1748	3
1749	5
1750	7
1751	1
1752	1
1753	4
1755	5
1756	1
1757	1
1758	2
1759	3
1760	7
1761	3
1762	1
1763	2
1764	7
1765	3
1766	1
1767	5
1768	2
1769	1
1770	3
1771	2
1772	1
1773	3
1774	1
1775	1
1776	6
1778	28
1779	3
1780	2
1781	1
1782	4
1784	1
1785	5
1786	2
1787	1
1788	4
1789	2
1790	3
1791	7
1792	41
1793	3
1794	2
1795	1
1796	3
1797	4
1798	1
1799	1
1800	4
1801	6
1802	2
