2407	3
2408	28
2409	1
2410	2
2411	3
2415	1
2416	3
2417	2
2418	2
2419	1
2420	3
2422	32
2424	1
2427	2
2429	3
2430	5
2431	2
2432	3
2433	2
2435	1
2436	26
2437	1
2438	2
2439	1
2440	3
2441	1
2442	2
2443	1
2444	2
2445	3
2446	1
2450	88
2453	1
2454	2
2456	1
2457	2
2460	1
2463	1
2464	17
2466	1
2467	2
2468	2
2470	3
2472	3
2474	1
2475	2
2476	1
2478	17
2479	1
2480	6
2481	1
2483	2
2484	5
2485	1
2486	1
2490	3
2492	2
2493	3
2495	1
2496	1
2497	1
2500	3
2503	1
2505	5
2506	35
2507	1
2508	5
2509	1
2510	1
2511	1
2512	1
2513	1
2514	2
2515	4
2517	2
2519	2
2520	26
2522	1
2523	1
2524	2
2525	2
2526	3
2527	1
2528	1
2529	1
2530	3
2532	1
2534	17
2535	3
2536	2
2537	1
2538	2
2540	2
2541	3
2543	2
2545	3
2546	2
2548	106
2550	2
2551	1
2552	1
2554	2
2555	1
2556	2
2557	1
2558	4
2560	4
2561	1
2562	11
2565	2
2568	2
2569	1
2570	1
2571	1
2573	1
2574	1
2576	12
2577	1
2578	2
