2232	2
2236	4
2237	1
2238	7
2239	1
2240	31
2241	3
2242	2
2244	7
2245	2
2247	3
2248	3
2250	2
2251	1
2252	3
2253	1
2254	28
2256	6
2257	3
2260	2
2261	6
2262	3
2263	1
2264	4
2265	3
2266	2
2267	1
2268	11
2269	1
2270	5
2271	2
2272	2
2274	3
2275	1
2277	1
2278	4
2279	2
2280	5
2282	25
2284	1
2286	2
2287	1
2289	2
2290	1
2292	2
2294	2
2296	25
2297	2
2298	4
2299	6
2300	1
2302	1
2303	1
2304	5
2307	3
2308	1
2310	8
2312	1
2317	1
2318	1
2321	2
2322	3
2323	2
2324	9
2325	2
2327	1
2328	1
2330	3
2334	3
2338	5
2339	1
2340	4
2341	2
2342	2
2343	1
2344	1
2346	3
2348	1
2349	1
2350	1
2352	5
2354	1
2356	1
2357	1
2358	3
2359	1
2361	1
2362	1
2364	1
2365	4
2366	7
2367	1
2368	2
2370	3
2373	2
2375	1
2376	5
2378	3
2380	28
2381	2
2382	1
2384	1
2385	3
2387	2
2388	2
2389	1
2390	2
2391	2
2392	1
2393	1
2394	2
2395	2
2396	3
2400	4
2402	1
2403	2
2404	2
2405	2
2406	1
