226	742
227	770
228	932
229	718
230	839
231	779
232	786
233	656
234	871
235	622
236	711
237	736
238	758
239	638
240	1047
241	593
242	671
243	730
244	749
245	616
246	681
247	622
248	676
249	657
250	696
251	572
252	940
253	583
254	594
255	637
256	630
257	557
258	728
259	536
260	680
261	620
262	508
263	539
264	682
265	499
266	582
267	572
268	523
269	463
270	688
271	1225
272	531
273	525
274	510
275	477
276	521
277	507
278	473
279	510
280	682
281	437
282	518
283	404
284	434
285	470
286	474
287	444
288	556
289	391
290	463
291	491
292	414
293	368
294	507
295	404
296	383
297	443
298	399
299	362
300	530
301	500
302	377
303	400
304	413
305	376
306	389
307	374
308	436
309	544
310	385
311	327
312	488
313	337
314	367
315	404
316	360
317	333
318	420
319	304
320	1005
321	366
322	364
323	584
324	374
325	343
326	299
327	297
328	334
329	293
330	410
331	285
332	297
333	340
334	304
335	257
336	376
337	302
338	292
339	276
340	305
341	261
342	324
343	238
344	282
345	318
346	252
347	281
348	336
349	281
350	301
351	305
352	260
353	255
354	292
355	253
356	234
357	276
358	261
359	233
360	491
361	223
362	218
363	247
364	273
365	216
366	276
367	232
368	214
369	252
370	285
