3312	1
3318	1
3320	3
3324	1
3327	1
3328	1
3329	1
3330	5
3335	1
3336	2
3337	2
3340	2
3342	1
3344	1
3350	1
3360	4
3363	7
3367	1
3370	1
3372	1
3373	1
3377	2
3378	1
3380	1
3385	1
3391	1
3392	2
3393	1
3396	1
3401	1
3404	1
3408	1
3409	1
3411	1
3412	1
3414	1
3416	2
3419	1
3420	4
3423	1
3427	1
3428	1
3429	1
3435	1
3440	1
3441	2
3442	1
3444	2
3445	1
3447	3
3448	4
3449	2
3450	1
3454	2
3459	1
3462	1
3463	1
3464	1
3466	3
3467	1
3468	1
3470	1
3474	1
3475	1
3479	1
3480	1
3483	1
3485	1
3488	1
3490	2
3491	2
3492	1
3494	1
3496	3
3502	1
3504	4
3508	1
3514	1
3516	3
3522	2
3525	2
3526	1
3527	1
3528	1
3532	2
3533	1
3536	4
3540	4
3543	1
3548	3
3549	1
3553	1
3554	1
3556	1
3562	2
3563	1
3565	1
3568	1
3570	4
3577	1
3579	1
3584	2
3586	2
3589	1
3591	3
3596	1
3597	1
3599	3
3600	4
3601	1
3615	1
3619	1
3621	1
3625	1
3627	1
3628	1
3630	1
3631	1
3632	1
3635	2
3637	2
3647	1
3650	1
3652	1
3653	1
