2096	2
2097	4
2100	20
2101	3
2102	1
2103	2
2105	2
2106	1
2107	5
2108	1
2109	1
2110	1
2111	2
2112	1
2113	3
2114	20
2116	4
2117	2
2118	3
2119	2
2120	2
2121	4
2122	4
2123	1
2124	6
2125	1
2127	3
2128	37
2129	1
2130	5
2131	2
2132	6
2133	3
2134	5
2135	2
2136	2
2137	4
2138	4
2139	3
2140	6
2141	2
2142	13
2143	4
2144	1
2145	2
2146	2
2147	4
2148	5
2150	2
2151	4
2152	3
2153	3
2154	2
2155	5
2156	7
2157	3
2158	2
2159	2
2160	4
2161	2
2162	4
2163	6
2164	4
2165	3
2166	3
2167	3
2168	1
2169	2
2170	4
2171	3
2172	5
2174	3
2175	2
2176	2
2178	1
2179	3
2180	3
2181	1
2182	1
2183	1
2184	41
2185	2
2186	2
2187	1
2189	1
2190	2
2192	4
2193	2
2195	2
2196	1
2197	1
2198	4
2199	2
2200	2
2201	3
2202	1
2203	2
2205	1
2206	3
2207	3
2208	1
2209	1
2210	3
2211	2
2212	56
2213	1
2214	3
2216	1
2217	2
2219	2
2220	6
2222	1
2223	3
2224	3
2225	1
2226	64
2227	1
2228	2
2229	3
